1.000000000000000048e-04 1.008130820248883230e+00 8.130820248883278978e-03
3.450940683466644822e-04 9.912910704921009675e-01 -8.705324842770168284e-03
5.901881366933290273e-04 1.010072999009124839e+00 1.008439004189765932e-02
8.352822050399935725e-04 9.897234464710171764e-01 -1.025386574623807917e-02
1.080376273386658009e-03 9.920167236945345302e-01 -7.945010079727043290e-03
1.325470341733322446e-03 9.898673473171818449e-01 -1.007501271209490339e-02
1.570564410079987100e-03 9.984733520693077624e-01 -1.444881998244345114e-03
1.815658478426651536e-03 9.945574092830008484e-01 -5.333629790637351049e-03
2.060752546773315756e-03 1.014776712588547625e+00 1.492002841982495963e-02
2.305846615119980410e-03 9.992100766870225526e-01 -6.131566995987330123e-04
2.550940683466644630e-03 9.934007173458863083e-01 -6.384122277862717965e-03
2.796034751813309283e-03 1.016789469452195060e+00 1.705411867330840561e-02
3.041128820159973937e-03 9.861524087446168485e-01 -1.354388065034470116e-02
3.286222888506638157e-03 9.902143117276946960e-01 -9.429529783818954916e-03
3.531316956853302810e-03 9.933043311145053345e-01 -6.283061972529264960e-03
3.776411025199967030e-03 1.006513322919135422e+00 6.991523215773900839e-03
4.021505093546632117e-03 1.003663736453093369e+00 4.204541870430945211e-03
4.266599161893296771e-03 1.002127664940481333e+00 2.735520657746827889e-03
4.511693230239961425e-03 9.869290453128581886e-01 -1.240151297884512990e-02
4.756787298586625211e-03 1.022276718082582470e+00 2.304757589270405721e-02
5.001881366933289864e-03 9.935794098432655375e-01 -5.592122147619351356e-03
5.246975435279954518e-03 9.894265061466828159e-01 -9.665602237878066771e-03
5.492069503626619172e-03 9.998865753588940253e-01 8.918381734148350583e-04
5.737163571973283825e-03 9.892322557938143524e-01 -9.682386858046929806e-03
5.982257640319948479e-03 1.017206746418949370e+00 1.842025177458119292e-02
6.227351708666612265e-03 9.881369822636298927e-01 -1.058555669939986732e-02
6.472445777013276919e-03 1.017104800192456970e+00 1.852531965246014337e-02
6.717539845359941572e-03 9.862092578982284419e-01 -1.230701260167380191e-02
6.962633913706606226e-03 1.010552548087745306e+00 1.218594377320227247e-02
7.207727982053270879e-03 9.848241243801191258e-01 -1.346994691037684683e-02
7.452822050399934665e-03 9.905202463281039815e-01 -7.645200811878241284e-03
7.697916118746599319e-03 1.004396757673464924e+00 6.381467143410124096e-03
7.943010187093263105e-03 9.981739101656895707e-01 2.740185232070565689e-04
8.188104255439927759e-03 9.975364923440358522e-01 -2.331176101899415951e-04
8.433198323786592412e-03 1.020308773865533647e+00 2.272880933162731154e-02
8.678292392133257066e-03 9.920622871084417982e-01 -5.445797251548743258e-03
8.923386460479921720e-03 1.003227394005214101e+00 5.891829365477714402e-03
9.168480528826586373e-03 1.002547469957411286e+00 5.358509017329296867e-03
9.413574597173249292e-03 1.004686759228977655e+00 7.656565201998829714e-03
9.658668665519913946e-03 9.991988886928087066e-01 2.308428220698408723e-03
9.903762733866578599e-03 1.002816012051437111e+00 6.097365120049686761e-03
1.014885680221324325e-02 9.839428550675820562e-01 -1.267605021248245298e-02
1.039395087055990791e-02 1.017193587766255236e+00 2.085999281532802466e-02
1.063904493890657256e-02 1.015803440164640525e+00 1.963974509370571692e-02
1.088413900725323721e-02 9.952164678727134506e-01 -8.495999288241880623e-04
1.112923307559990187e-02 9.974142329451981537e-01 1.536637097427351112e-03
1.137432714394656652e-02 9.894328676703071368e-01 -6.295380202123885931e-03
1.161942121229323117e-02 1.005194223192582559e+00 9.723317814531964864e-03
1.186451528063989583e-02 1.006788469507329031e+00 1.151840463146797978e-02
1.210960934898655875e-02 9.903611522642346010e-01 -4.791594086509173671e-03
1.235470341733322340e-02 9.859368526187464177e-01 -9.039941584749978595e-03
1.259979748567988805e-02 1.007448705577029591e+00 1.278749813159989895e-02
1.284489155402655271e-02 1.004544070616063323e+00 1.007692218205132051e-02
1.308998562237321736e-02 9.920905081554936000e-01 -2.234367747411580233e-03
1.333507969071988201e-02 9.781061669781799806e-01 -1.608685783902216726e-02
1.358017375906654667e-02 9.780445236475058257e-01 -1.593307822143721214e-02
1.382526782741321132e-02 9.931981769131401627e-01 -4.629643081310113283e-04
1.407036189575987598e-02 1.000719228783693904e+00 7.334979664016455687e-03
1.431545596410654063e-02 9.761677320752047970e-01 -1.715159938657981331e-02
1.456055003245320355e-02 9.950577219796200579e-01 2.103324282274118308e-03
1.480564410079986820e-02 1.004864820318814411e+00 1.222191196387850849e-02
1.505073816914653285e-02 9.956130808536018950e-01 3.146292593701228556e-03
1.529583223749319751e-02 9.846473126764878625e-01 -7.657283510910450203e-03
1.554092630583986216e-02 9.896293313645407874e-01 -2.385909695137743668e-03
1.578602037418652682e-02 9.926655624443541104e-01 9.300347231371784403e-04
1.603111444253318973e-02 9.885473187992240840e-01 -2.964324934084178013e-03
1.627620851087985612e-02 9.852277920022094460e-01 -6.051049978211511977e-03
1.652130257922651904e-02 9.881802899851058752e-01 -2.806312520377428690e-03
1.676639664757318543e-02 9.817167491044369587e-01 -9.060453973992039362e-03
1.701149071591984835e-02 9.847327719550914571e-01 -5.742912648377307763e-03
1.725658478426651474e-02 9.830881436771417015e-01 -7.126719515927806663e-03
1.750167885261317766e-02 9.798179980496338759e-01 -1.014961801206279782e-02
1.774677292095984404e-02 9.929209251981659934e-01 3.375052373020478568e-03
1.799186698930650696e-02 1.002300120429320263e+00 1.314738049156514293e-02
1.823696105765317335e-02 9.762660677264966003e-01 -1.287770634076051100e-02
1.848205512599983627e-02 9.997070631042913602e-01 1.112573004879248428e-02
1.872714919434649919e-02 9.774150263482443979e-01 -1.112189382660317902e-02
1.897224326269316558e-02 9.900493050759487934e-01 1.967499188604714035e-03
1.921733733103982850e-02 9.935228999862535382e-01 5.794984144324080017e-03
1.946243139938649488e-02 9.579369104595680806e-01 -2.992575498531297590e-02
1.970752546773315780e-02 1.004835084092445374e+00 1.789047486057875058e-02
1.995261953607982419e-02 9.788716602520676213e-01 -8.090800975956966706e-03
2.019771360442648711e-02 9.745802185241368987e-01 -1.211733238002349160e-02
2.044280767277315350e-02 9.785249880555614288e-01 -7.791340578835351943e-03
2.068790174111981642e-02 9.765232828346311900e-01 -9.490327845952335750e-03
2.093299580946648281e-02 9.728613928803903077e-01 -1.287120799768868770e-02
2.117808987781314572e-02 1.012883798098695110e+00 2.808947192592094882e-02
2.142318394615980864e-02 9.783559721776717844e-01 -6.613325801419125266e-03
2.166827801450647503e-02 9.861169888082798041e-01 1.617066861126804098e-03
2.191337208285313795e-02 9.808850754746086809e-01 -3.344769279144449783e-03
2.215846615119980434e-02 9.862084263251204019e-01 2.422447620206133294e-03
2.240356021954646726e-02 9.859830893509077265e-01 2.555659481074972015e-03
2.264865428789313365e-02 9.807351008496372202e-01 -2.416176539971716559e-03
2.289374835623979657e-02 9.918090548569459264e-01 9.220584359981473868e-03
2.313884242458646295e-02 9.801786297448580321e-01 -2.241787066850848935e-03
2.338393649293312587e-02 9.798900389874842798e-01 -2.159393987171805574e-03
2.362903056127979226e-02 9.759729588550982715e-01 -5.769548890504660674e-03
2.387412462962645518e-02 9.715055377399517411e-01 -9.939583207035590159e-03
2.411921869797311810e-02 9.792211098962642080e-01 -1.688622059106516422e-03
2.436431276631978449e-02 9.708336360309182123e-01 -9.850895730616555240e-03
2.460940683466644741e-02 9.905748813332438951e-01 1.068383411616677901e-02
2.485450090301311379e-02 9.845265871213587650e-01 4.915102431088157545e-03
2.509959497135977671e-02 9.837205686385721570e-01 4.498480389252321361e-03
2.534468903970644310e-02 9.929897503422343563e-01 1.437747217854836584e-02
2.558978310805310602e-02 9.917120011607702956e-01 1.348980913438344552e-02
2.583487717639977241e-02 9.839484609975613916e-01 5.974202885792485873e-03
2.607997124474643533e-02 9.978102971145484945e-01 2.057479344104126001e-02
2.632506531309309825e-02 9.780271421400289489e-01 7.643207567482154970e-04
2.657015938143976463e-02 1.000906965154872763e+00 2.461415800128601006e-02
2.681525344978642755e-02 9.886450096410070998e-01 1.249861830878511160e-02
2.706034751813309394e-02 9.652475620952448709e-01 -1.103282509333883624e-02
2.730544158647975686e-02 9.833754958455908080e-01 7.983286458440101013e-03
2.755053565482642325e-02 9.913286542155224090e-01 1.658588424019482449e-02
2.779562972317308617e-02 9.817639571401810539e-01 7.227666185996840104e-03
2.804072379151975256e-02 9.600419867990710454e-01 -1.461348378492733670e-02
2.828581785986641547e-02 9.712440897496189551e-01 -2.662196084917342609e-03
2.853091192821308186e-02 9.711414519954807423e-01 -2.310124551818249286e-03
2.877600599655974478e-02 9.651328534000793713e-01 -8.024309432153712424e-03
2.902110006490640770e-02 9.771408309108003953e-01 4.786110040761565668e-03
2.926619413325307409e-02 9.699899093745838474e-01 -2.098022156491752450e-03
2.951128820159973701e-02 9.769911683441058203e-01 5.581286467586770925e-03
2.975638226994640340e-02 9.748744208849322579e-01 3.882236080483938371e-03
3.000147633829306631e-02 9.737810768377823667e-01 3.239548851608205476e-03
3.024657040663973270e-02 9.672196285736477384e-01 -3.036397263023951285e-03
3.049166447498639562e-02 9.684104914594447999e-01 -1.320249557221373762e-03
3.073675854333306201e-02 9.784494432784927032e-01 9.530331230586159066e-03
3.098185261167972493e-02 9.811424862841328087e-01 1.281226568849357962e-02
3.122694668002639132e-02 9.780372616890560256e-01 1.011268232291759502e-02
3.147204074837305771e-02 9.792809389041993162e-01 1.190779202147859532e-02
3.171713481671972062e-02 9.622252065642028507e-01 -5.210377260232992684e-03
3.196222888506638354e-02 9.671035403992241930e-01 3.455127493377945815e-04
3.220732295341305340e-02 9.701164369587486069e-01 3.980126413221330914e-03
3.245241702175971632e-02 9.556594814307368679e-01 -1.046700002006139933e-02
3.269751109010637924e-02 9.677963307584298569e-01 2.625147605471783371e-03
3.294260515845304216e-02 9.640489942708992954e-01 -7.298913311206794681e-04
3.318769922679971202e-02 9.736792512251311038e-01 9.788752151904993315e-03
3.343279329514637493e-02 9.733251841387291492e-01 9.962037669433048900e-03
3.367788736349303785e-02 9.618093394554104725e-01 -1.449101616709155479e-03
3.392298143183970077e-02 9.662163633106728433e-01 3.671016508164822324e-03
3.416807550018636369e-02 9.566846520609445514e-01 -5.686745921480678215e-03
3.441316956853303355e-02 9.553623397379715776e-01 -6.514314406451892324e-03
3.465826363687969647e-02 9.535605778000076915e-01 -7.838190943688736617e-03
3.490335770522635939e-02 9.684858704063677992e-01 8.253812654160589540e-03
3.514845177357302231e-02 9.851439833007314961e-01 2.617233701218842773e-02
3.539354584191969216e-02 9.566843511627552976e-01 -2.908725121102024268e-03
3.563863991026635508e-02 9.613420468783652195e-01 2.516378490234498066e-03
3.588373397861301800e-02 9.600851715775805539e-01 1.779714908447260508e-03
3.612882804695968092e-02 9.591876632351784560e-01 1.420842706235328967e-03
3.637392211530635078e-02 9.724213731364551583e-01 1.582698329911062796e-02
3.661901618365301370e-02 9.590401440906615171e-01 2.434206626525341546e-03
3.686411025199967662e-02 9.323891380725590761e-01 -2.484921858758441793e-02
3.710920432034633953e-02 9.533351017940906447e-01 -2.352174943795352479e-03
3.735429838869300245e-02 9.615912268920469019e-01 6.887403642522087893e-03
3.759939245703967231e-02 9.408364479208042308e-01 -1.425423999409971068e-02
3.784448652538633523e-02 9.397052594805346271e-01 -1.484528933077456335e-02
3.808958059373299815e-02 9.648331034718495847e-01 1.211205923104514103e-02
3.833467466207966107e-02 9.652074691093439629e-01 1.312335171403461453e-02
3.857976873042633092e-02 9.382334636830194086e-01 -1.458438094602335783e-02
3.882486279877299384e-02 9.481002431524574448e-01 -3.605609255815495594e-03
3.906995686711965676e-02 9.479442114515947981e-01 -3.149781563141503416e-03
3.931505093546631968e-02 9.325165469706444554e-01 -1.875962798335274392e-02
3.956014500381298260e-02 9.421031917567948000e-01 -8.047934463201808150e-03
3.980523907215965246e-02 9.507824253579076901e-01 1.724558961397658916e-03
4.005033314050631538e-02 9.471914826187147751e-01 -1.423045560113010179e-03
4.029542720885297830e-02 9.595345122775015279e-01 1.223778865789251075e-02
4.054052127719964121e-02 9.363728136596324303e-01 -1.155947059172311372e-02
4.078561534554631107e-02 9.539437686084668577e-01 7.641244256842582953e-03
4.103070941389297399e-02 9.553418830912183690e-01 9.775890404365904229e-03
4.127580348223963691e-02 9.345831978678944552e-01 -1.151798235127700527e-02
4.152089755058629983e-02 9.644880335925998249e-01 2.078405407633188498e-02
4.176599161893296969e-02 9.310928988405230422e-01 -1.390699090440393297e-02
4.201108568727963261e-02 9.447274861238122989e-01 1.200019496917402060e-03
4.225617975562629552e-02 9.388712088183797100e-01 -4.339330709213102058e-03
4.250127382397295844e-02 9.525487470375965104e-01 1.084640415333280178e-02
4.274636789231962136e-02 9.334998314484741488e-01 -8.696978274385482391e-03
4.299146196066629122e-02 9.553440846503071793e-01 1.519115416481085605e-02
4.323655602901295414e-02 9.491773186352404634e-01 9.329043346932096303e-03
4.348165009735961706e-02 9.327257631010261729e-01 -7.481994549582362750e-03
4.372674416570627998e-02 9.515049190652298261e-01 1.320203001874345819e-02
4.397183823405294983e-02 9.261397052258897311e-01 -1.312148044568302654e-02
4.421693230239961275e-02 9.200291009872835213e-01 -1.894688334384792353e-02
4.446202637074627567e-02 9.486567915518686611e-01 1.229111685553113502e-02
4.470712043909293859e-02 9.377131414128577758e-01 1.320801034658238005e-03
4.495221450743960151e-02 9.368617792692268686e-01 1.122604570666488159e-03
4.519730857578627137e-02 9.208482450737068836e-01 -1.528648373022073285e-02
4.544240264413293429e-02 9.382672358794194034e-01 4.060888741967257076e-03
4.568749671247959721e-02 9.259125892878956599e-01 -8.445185308101992722e-03
4.593259078082626012e-02 9.367923897790183529e-01 3.933403812976671472e-03
4.617768484917292998e-02 9.317554956432470004e-01 -7.367935759361454728e-04
4.642277891751959290e-02 9.477593909680904760e-01 1.717102877340291947e-02
4.666787298586625582e-02 9.294746610810024068e-01 -1.718645858646200347e-03
4.691296705421291874e-02 9.382258923638223669e-01 8.425694886123625063e-03
4.715806112255958860e-02 9.295598465228802620e-01 -1.462216245860665500e-04
4.740315519090625151e-02 9.362775836830002918e-01 7.831599606075750203e-03
4.764824925925291443e-02 9.366356793417739413e-01 8.973619166108112027e-03
4.789334332759957735e-02 9.267757014948313499e-01 -8.951239151017448704e-04
4.813843739594624027e-02 9.148463818625618416e-01 -1.300831032347669197e-02
4.838353146429291013e-02 9.337894493374252480e-01 8.195416787087930061e-03
4.862862553263957305e-02 9.430089573443833917e-01 1.892815025850020857e-02
4.887371960098623597e-02 9.185586681789398300e-01 -6.728032301326177661e-03
4.911881366933289889e-02 9.275600628715501283e-01 3.779690347448949432e-03
4.936390773767956874e-02 9.076832451167101690e-01 -1.696877875460972920e-02
4.960900180602623166e-02 9.359532190800901041e-01 1.443752972188055463e-02
4.985409587437289458e-02 9.343982194408307906e-01 1.354464241074057086e-02
5.009918994271955750e-02 9.176181667643578121e-01 -3.874317767292981707e-03
5.034428401106622042e-02 9.192511147742848943e-01 -1.313702800624482001e-03
5.058937807941289028e-02 9.306744607168613292e-01 1.189872591760284155e-02
5.083447214775955320e-02 9.067363797774987688e-01 -1.334310828000357350e-02
5.107956621610621611e-02 9.240935886922330145e-01 6.348634519694664607e-03
5.132466028445287903e-02 9.026303251493325019e-01 -1.623505006605497139e-02
5.156975435279954889e-02 9.153778009906375912e-01 -1.536372824203591485e-03
5.181484842114621181e-02 9.122751222808798133e-01 -4.113886112321022033e-03
5.205994248949287473e-02 9.065331787788891704e-01 -9.576254921794247893e-03
5.230503655783953765e-02 9.250553952898201704e-01 1.148651284931300615e-02
5.255013062618620057e-02 9.040301257452969530e-01 -1.069138051507620250e-02
5.279522469453287042e-02 9.210357908536288551e-01 8.749766241486472279e-03
5.304031876287953334e-02 9.220692304458215638e-01 1.071807941659794032e-02
5.328541283122619626e-02 9.150434653806818197e-01 3.851112387863505054e-03
5.353050689957285918e-02 8.927421921857414677e-01 -1.979654940247010941e-02
5.377560096791952904e-02 9.076871411176204996e-01 -2.551589490728288674e-03
5.402069503626619196e-02 9.161258164916769031e-01 7.569423776313061181e-03
5.426578910461285488e-02 9.085245799366203912e-01 5.443627905782322094e-05
5.451088317295951780e-02 9.163747847281900061e-01 9.551995545221297554e-03
5.475597724130618765e-02 8.936348646115465089e-01 -1.466078921121066574e-02
5.500107130965285057e-02 9.211258504302102246e-01 1.652070324028242360e-02
5.524616537799951349e-02 8.874073940174512787e-01 -1.984808915358007159e-02
5.549125944634617641e-02 9.136254101279698281e-01 9.980757273241091035e-03
5.573635351469283933e-02 9.059719289124518182e-01 2.387729989561719786e-03
5.598144758303950919e-02 8.931315443128671205e-01 -1.095970337089354797e-02
5.622654165138617210e-02 9.075165396097980564e-01 5.847519207385767220e-03
5.647163571973283502e-02 9.091460449469518368e-01 8.536866734428756251e-03
5.671672978807949794e-02 9.115654937864449137e-01 1.211067560897519622e-02
5.696182385642616780e-02 8.894062362329627769e-01 -1.162038339995058629e-02
5.720691792477283072e-02 8.996506622688799082e-01 6.506239787085853340e-04
5.745201199311949364e-02 8.978322969632048789e-01 -4.829210208831238231e-04
5.769710606146615656e-02 8.882247708277967169e-01 -1.029497486883900609e-02
5.794220012981281948e-02 9.030184155658717016e-01 7.091356942067977495e-03
5.818729419815948933e-02 9.027627378378846323e-01 7.712669646967519610e-03
5.843238826650615225e-02 8.913265810859855032e-01 -4.153853577348627993e-03
5.867748233485281517e-02 8.981109126274402499e-01 4.336202663124437244e-03
5.892257640319947809e-02 9.024431930283683956e-01 1.009967438050661179e-02
5.916767047154614795e-02 9.142821025364950005e-01 2.428601856652332081e-02
5.941276453989281087e-02 8.938979716846023882e-01 2.367783307418448811e-03
5.965785860823947379e-02 8.909474191460163839e-01 -2.119744514337503874e-05
5.990295267658613670e-02 8.802429643972006224e-01 -1.112294017517518815e-02
6.014804674493280656e-02 8.778780011696102337e-01 -1.286540855849116483e-02
6.039314081327946948e-02 8.848309843233057581e-01 -4.121321034893988579e-03
6.063823488162613240e-02 8.848439878116564072e-01 -3.176736390049564145e-03
6.088332894997279532e-02 8.803676733276719624e-01 -7.290145229552989943e-03
6.112842301831945824e-02 8.895403761455185077e-01 3.996345837050242593e-03
6.137351708666612810e-02 8.833796575075720803e-01 -2.016148968092471364e-03
6.161861115501279101e-02 8.933245931109802251e-01 1.017471238101910237e-02
6.186370522335945393e-02 8.799839839125285224e-01 -3.965273617544970083e-03
6.210879929170611685e-02 8.673878485883645961e-01 -1.728636816613321470e-02
6.235389336005278671e-02 8.866314148906100367e-01 5.476947513935156824e-03
6.259898742839944963e-02 8.751603846718108981e-01 -6.578788295988275900e-03
6.284408149674611255e-02 8.814191916771293434e-01 1.489666934100702120e-03
6.308917556509277547e-02 8.742507534998193997e-01 -5.695073330099783594e-03
6.333426963343943839e-02 8.718057973526990301e-01 -7.514100187905992101e-03
6.357936370178610130e-02 8.853873015505516753e-01 8.928306817184381364e-03
6.382445777013276422e-02 8.733297963684083509e-01 -3.839936882902872297e-03
6.406955183847944102e-02 8.795459651898378528e-01 4.233311237261646112e-03
6.431464590682610394e-02 8.841204332823325851e-01 1.044840849393619507e-02
6.455973997517276686e-02 8.710242962412630963e-01 -3.537368298978714118e-03
6.480483404351942978e-02 8.698649723798206335e-01 -3.879182296243477348e-03
6.504992811186609269e-02 8.638749124089094567e-01 -9.756836335035178054e-03
6.529502218021275561e-02 8.769931123941848705e-01 6.281248740710669576e-03
6.554011624855941853e-02 8.672505385025154334e-01 -3.903605019758891667e-03
6.578521031690608145e-02 8.849930238045760067e-01 1.749342947047678731e-02
6.603030438525274437e-02 8.764576995111341695e-01 8.693177046043531683e-03
6.627539845359942117e-02 8.620996941854203177e-01 -6.830560059088711632e-03
6.652049252194608409e-02 8.652974197545200141e-01 -2.138253165519870061e-03
6.676558659029274700e-02 8.834678060493654783e-01 1.984970457717582029e-02
6.701068065863940992e-02 8.733722447492389129e-01 9.221936874321188388e-03
6.725577472698607284e-02 8.702944237481969880e-01 6.692219984726172251e-03
6.750086879533273576e-02 8.663244008929811280e-01 3.126346495526035035e-03
6.774596286367939868e-02 8.646509830776494265e-01 2.217238775099190842e-03
6.799105693202606160e-02 8.702721232724293099e-01 9.772170903380218016e-03
6.823615100037272452e-02 8.628831713630484845e-01 2.233637303596169160e-03
6.848124506871940131e-02 8.578590574497789722e-01 -2.568870950798058782e-03
6.872633913706606423e-02 8.710564876533415379e-01 1.382885271844742220e-02
6.897143320541272715e-02 8.574544022349385175e-01 -9.618874926503531578e-04
6.921652727375939007e-02 8.658300785761224860e-01 9.851996681687775689e-03
6.946162134210605299e-02 8.479250441137581307e-01 -9.993835459548280897e-03
6.970671541045271591e-02 8.602714215249657181e-01 5.478166987381980456e-03
6.995180947879937883e-02 8.516980958066674434e-01 -3.491812755435341840e-03
7.019690354714604175e-02 8.419064328339194159e-01 -1.390581271881117034e-02
7.044199761549271854e-02 8.463338628223942006e-01 -7.668010751948625171e-03
7.068709168383938146e-02 8.389379548088702343e-01 -1.529273154622104273e-02
7.093218575218604438e-02 8.444648830862139244e-01 -7.747407186066329436e-03
7.117727982053270730e-02 8.534355617814413097e-01 3.866701653386030342e-03
7.142237388887937022e-02 8.444934316297117993e-01 -5.585223458477693581e-03
7.166746795722603314e-02 8.396225091033497900e-01 -1.025650290571149086e-02
7.191256202557269606e-02 8.543644440227408099e-01 8.208487991108810028e-03
7.215765609391935897e-02 8.393482359731844200e-01 -8.439381837581461793e-03
7.240275016226602189e-02 8.389836616214545462e-01 -7.794118638274893061e-03
7.264784423061269869e-02 8.556868803588164596e-01 1.306117484173353188e-02
7.289293829895936161e-02 8.456554029109700776e-01 2.277604143752070490e-03
7.313803236730602453e-02 8.260985216753390370e-01 -1.982970779810191986e-02
7.338312643565268745e-02 8.354590758441583498e-01 -7.635424540577622626e-03
7.362822050399935037e-02 8.490808760806856093e-01 9.654528922190680484e-03
7.387331457234601328e-02 8.278778538134957676e-01 -1.447203389016504284e-02
7.411840864069267620e-02 8.428747692138389702e-01 4.490814209608065370e-03
7.436350270903933912e-02 8.352980448781861522e-01 -3.434416196800508213e-03
7.460859677738600204e-02 8.516443884726642155e-01 1.719797216951593835e-02
7.485369084573267884e-02 8.279726672277337718e-01 -9.972535573814021725e-03
7.509878491407934176e-02 8.320429003341879293e-01 -3.993269529345702500e-03
7.534387898242600468e-02 8.233559433227529700e-01 -1.328722093951662658e-02
7.558897305077266759e-02 8.213454037490501847e-01 -1.459039186003264696e-02
7.583406711911933051e-02 8.321834384034221266e-01 -4.624390543103195695e-04
7.607916118746599343e-02 8.372335376640430704e-01 6.739267764612270374e-03
7.632425525581265635e-02 8.263075656737518537e-01 -5.273446698618265878e-03
7.656934932415931927e-02 8.374252295056395790e-01 9.254881852444425336e-03
7.681444339250598219e-02 8.386129846782996999e-01 1.183681842545267551e-02
7.705953746085265899e-02 8.260008763517175945e-01 -2.243144369229536136e-03
7.730463152919932190e-02 8.189453535916556559e-01 -9.634079373980896852e-03
7.754972559754598482e-02 8.287487035061206209e-01 3.370688475312732905e-03
7.779481966589264774e-02 8.243674429692369188e-01 -7.862738190807342124e-04
7.803991373423931066e-02 8.283303661535158513e-01 5.174306132574523452e-03
7.828500780258597358e-02 8.191449296218543674e-01 -4.823753844863467449e-03
7.853010187093263650e-02 8.133231692392774992e-01 -1.075224425128683096e-02
7.877519593927929942e-02 8.135666318303312883e-01 -9.307336458032673676e-03
7.902029000762596234e-02 8.179845390385339643e-01 -2.768440201351021410e-03
7.926538407597263913e-02 8.195877743062823795e-01 3.516621814560350751e-04
7.951047814431930205e-02 8.246637120777025043e-01 7.724046775220717517e-03
7.975557221266596497e-02 8.247141323232238808e-01 8.966820353590919043e-03
8.000066628101262789e-02 8.151980172960627824e-01 -1.503677385324713248e-03
8.024576034935929081e-02 8.092358457784820658e-01 -7.639277656807510163e-03
8.049085441770595373e-02 8.180261442578925513e-01 4.324199332676576316e-03
8.073594848605261665e-02 8.002685805415364895e-01 -1.631514836910057109e-02
8.098104255439927956e-02 8.245319787095868325e-01 1.471101971380327916e-02
8.122613662274594248e-02 8.102756368003055654e-01 -1.648471198159537701e-03
8.147123069109261928e-02 8.047198236332612220e-01 -7.312817181642250822e-03
8.171632475943928220e-02 8.145713756444173947e-01 6.039512105992505056e-03
8.196141882778594512e-02 8.038364616801820794e-01 -6.030769517228199567e-03
8.220651289613260804e-02 8.172131981461752126e-01 1.172182678051573307e-02
8.245160696447927096e-02 7.991966806277143176e-01 -9.393696411768686846e-03
8.269670103282593387e-02 7.972798198110838674e-01 -1.057925611767839350e-02
8.294179510117259679e-02 8.038692604181943979e-01 -1.197461755680217978e-03
8.318688916951925971e-02 8.022262493908396408e-01 -2.032937361740465125e-03
8.343198323786593651e-02 8.062938902885666836e-01 4.243378432489488573e-03
8.367707730621259943e-02 8.073568951056901977e-01 6.789263272532037111e-03
8.392217137455926235e-02 7.935930783856943727e-01 -9.169347158187998725e-03
8.416726544290592527e-02 8.163092262799696019e-01 2.043640939799370657e-02
8.441235951125258818e-02 8.175668985639565900e-01 2.325846917248825321e-02
8.465745357959925110e-02 8.060031863387757678e-01 1.002178151625629163e-02
8.490254764794591402e-02 8.069283293748729102e-01 1.242298795142285535e-02
8.514764171629257694e-02 8.008416761214938173e-01 6.022912521956896165e-03
8.539273578463923986e-02 7.930488034636612449e-01 -2.537895255539739190e-03
8.563782985298591666e-02 8.010477019014471400e-01 8.767923097950556036e-03
8.588292392133257958e-02 7.929058666704404956e-01 -2.486106039811664245e-04
8.612801798967924249e-02 7.923599097597536778e-01 3.027912734807722164e-04
8.637311205802590541e-02 7.990771593311509768e-01 1.003727894207014949e-02
8.661820612637256833e-02 7.951137490339769132e-01 6.279771755750253141e-03
8.686330019471923125e-02 7.975854389502948782e-01 1.066814819825363456e-02
8.710839426306589417e-02 7.778013197562024805e-01 -1.316849401958223274e-02
8.735348833141255709e-02 7.739940268874750950e-01 -1.676803223512501537e-02
8.759858239975922001e-02 7.950908737126616277e-01 1.130063001402682211e-02
8.784367646810589680e-02 7.858452006356955177e-01 7.986623406123155924e-04
8.808877053645255972e-02 7.915208666079821542e-01 9.297856623992217448e-03
8.833386460479922264e-02 7.951851005099405123e-01 1.525129811560142074e-02
8.857895867314588556e-02 7.938357123017597550e-01 1.481143089609186086e-02
8.882405274149254848e-02 7.744576911555702825e-01 -8.705102328085212796e-03
8.906914680983921140e-02 7.905395009282221164e-01 1.316518534144764038e-02
8.931424087818587432e-02 7.790408732609909181e-01 -3.004765473590215391e-04
8.955933494653253724e-02 7.817828713831177501e-01 4.497812419756795632e-03
8.980442901487920015e-02 7.837668129866200983e-01 8.333877638142559580e-03
9.004952308322587695e-02 7.831705524895324899e-01 8.856784191555128888e-03
9.029461715157253987e-02 7.675968168304023731e-01 -9.936504886589541882e-03
9.053971121991920279e-02 7.785035063577560033e-01 5.421568228284346161e-03
9.078480528826586571e-02 7.650484806308730512e-01 -1.068328363282695578e-02
9.102989935661252863e-02 7.714002552115031275e-01 -1.182933506296330109e-03
9.127499342495919155e-02 7.716379652783317278e-01 4.158524614223098955e-04
9.152008749330585446e-02 7.680664398212257993e-01 -2.925567492654200432e-03
9.176518156165251738e-02 7.730331899848100763e-01 4.823426161922487153e-03
9.201027562999918030e-02 7.653988821783298535e-01 -3.807523196747927136e-03
9.225536969834585710e-02 7.667217791915253988e-01 -7.870461419362602840e-04
9.250046376669252002e-02 7.474613667746776713e-01 -2.461780710526528804e-02
9.274555783503918294e-02 7.651745948681255571e-01 -1.993370089739140657e-04
9.299065190338584586e-02 7.651640599209499349e-01 1.094863172781529925e-03
9.323574597173250877e-02 7.573549835357399340e-01 -7.823512574258150928e-03
9.348084004007917169e-02 7.419572739490730706e-01 -2.671934653026892745e-02
9.372593410842583461e-02 7.591903033175638749e-01 -2.803904482444383780e-03
9.397102817677249753e-02 7.629067953967275661e-01 3.397677788788078246e-03
9.421612224511917433e-02 7.681701967843936885e-01 1.165333413833255678e-02
9.446121631346583725e-02 7.629673068156080928e-01 6.129325105796834539e-03
9.470631038181250017e-02 7.418743613507786661e-01 -2.039089971542001195e-02
9.495140445015916308e-02 7.633363180030984241e-01 9.285176884273500797e-03
9.519649851850582600e-02 7.594117751900876234e-01 5.429822833225389674e-03
9.544159258685248892e-02 7.608586426219020593e-01 8.685605021736203871e-03
9.568668665519915184e-02 7.534024708383602054e-01 1.317882994845422876e-04
9.593178072354581476e-02 7.527261998968591827e-01 5.677543053973481023e-04
9.617687479189247768e-02 7.535898176773629942e-01 3.054888910894733734e-03
9.642196886023915448e-02 7.468043246097010313e-01 -4.645847340063910015e-03
9.666706292858581739e-02 7.524632461677166484e-01 4.241468399051753421e-03
9.691215699693248031e-02 7.380239561879808896e-01 -1.370624419560218139e-02
9.715725106527914323e-02 7.434365323133785841e-01 -5.136268771683802185e-03
9.740234513362580615e-02 7.553072529654962786e-01 1.211098048015638549e-02
9.764743920197246907e-02 7.465054379837572363e-01 1.666477878855718211e-03
9.789253327031913199e-02 7.360182854379176964e-01 -1.107046595032480651e-02
9.813762733866579491e-02 7.402081105948777884e-01 -4.094676750677583681e-03
9.838272140701245783e-02 7.253411199419522726e-01 -2.277431930849477607e-02
9.862781547535913462e-02 7.508283812385982969e-01 1.293713894629149735e-02
9.887290954370579754e-02 7.439051019897174877e-01 4.961607675289081421e-03
9.911800361205246046e-02 7.508017784973375353e-01 1.565969669562560992e-02
9.936309768039912338e-02 7.317606555692458548e-01 -8.748532290164588374e-03
9.960819174874578630e-02 7.319325835855514661e-01 -7.161533037868966084e-03
9.985328581709244922e-02 7.320634809085755368e-01 -5.625812514430645651e-03
1.000983798854391121e-01 7.330799364792491835e-01 -2.881271903318315033e-03
1.003434739537857751e-01 7.338694275470526440e-01 -4.382567184979926423e-04
1.005885680221324380e-01 7.286321922009373342e-01 -6.208401277040098004e-03
1.008336620904791148e-01 7.360631512598023729e-01 5.307722756836093757e-03
1.010787561588257777e-01 7.386161780229144602e-01 1.018419694638430899e-02
1.013238502271724406e-01 7.190994931690150027e-01 -1.515160730273026370e-02
1.015689442955191035e-01 7.317613915757404941e-01 3.573903454158065124e-03
1.018140383638657664e-01 7.296626455363749431e-01 2.079718779731984206e-03
1.020591324322124294e-01 7.250565670303603660e-01 -2.866843380390494272e-03
1.023042265005590923e-01 7.180904775296335085e-01 -1.107727907423309080e-02
1.025493205689057552e-01 7.254536679319470993e-01 4.504772742587534202e-04
1.027944146372524181e-01 7.234428986123575545e-01 -9.350968365930853411e-04
1.030395087055990949e-01 7.272099975268638827e-01 5.665641823667424103e-03
1.032846027739457578e-01 7.166254466016303004e-01 -7.590032619673564226e-03
1.035296968422924208e-01 7.276145830468563336e-01 9.034916258112807644e-03
1.037747909106390837e-01 7.040515077519521325e-01 -2.227679297249911955e-02
1.040198849789857466e-01 7.280454193107764871e-01 1.245897219809362355e-02
1.042649790473324095e-01 7.157726301779481215e-01 -3.213174208103336711e-03
1.045100731156790724e-01 7.197553348539359463e-01 3.739706485437733173e-03
1.047551671840257353e-01 7.224478264326347210e-01 8.910110967760365500e-03
1.050002612523723983e-01 7.146153529989602848e-01 -6.241277027898243113e-04
1.052453553207190751e-01 7.002124276462841079e-01 -1.938706470321588035e-02
1.054904493890657380e-01 7.063935232227090966e-01 -9.335624664240168777e-03
1.057355434574124009e-01 7.138948068776308498e-01 2.598008426163492691e-03
1.059806375257590638e-01 7.165266858808342354e-01 7.716803978683276291e-03
1.062257315941057267e-01 7.210098092735326425e-01 1.545703805889752334e-02
1.064708256624523897e-01 7.043164138864944634e-01 -6.648004316905854749e-03
1.067159197307990526e-01 7.115441102595229106e-01 4.969517558343845669e-03
1.069610137991457155e-01 7.160110256337524071e-01 1.271488011406496886e-02
1.072061078674923923e-01 7.029017304767151142e-01 -4.412975608717168222e-03
1.074512019358390552e-01 7.170350725208456399e-01 1.705129377107719724e-02
1.076962960041857181e-01 7.244041476658286127e-01 2.896814910888684605e-02
1.079413900725323811e-01 7.093211454100181168e-01 8.981386053987801266e-03
1.081864841408790440e-01 7.035471592107872540e-01 2.197693395674538835e-03
1.084315782092257069e-01 7.025758813466403963e-01 2.245344416679393926e-03
1.086766722775723698e-01 6.861448334083898315e-01 -1.979273531428715760e-02
1.089217663459190327e-01 6.991230450638438176e-01 1.789821969132584329e-04
1.091668604142656956e-01 6.935708628952658161e-01 -6.340461947016895819e-03
1.094119544826123724e-01 6.949607108006596867e-01 -2.919218069776742443e-03
1.096570485509590354e-01 6.794800453932827722e-01 -2.372809848223335696e-02
1.099021426193056983e-01 6.848892926542026194e-01 -1.453975992050045296e-02
1.101472366876523612e-01 6.852697695128425748e-01 -1.257162498018057732e-02
1.103923307559990241e-01 6.989467374819563483e-01 8.588607596380807424e-03
1.106374248243456870e-01 6.926977224975965353e-01 1.014399034640565619e-03
1.108825188926923500e-01 6.799474678476205014e-01 -1.599081791164733146e-02
1.111276129610390129e-01 6.916258356579167987e-01 2.357986380633486818e-03
1.113727070293856758e-01 6.908554503912441858e-01 2.691465575792590780e-03
1.116178010977323526e-01 6.916881198368024508e-01 5.355251817229566245e-03
1.118628951660790155e-01 6.865996177987746529e-01 -5.927124324147873668e-04
1.121079892344256784e-01 6.926891620394427518e-01 9.735622422803649062e-03
1.123530833027723413e-01 6.885476458713036818e-01 5.157735543460141570e-03
1.125981773711190043e-01 6.808117921119042348e-01 -4.688946627158771356e-03
1.128432714394656672e-01 6.784749089472540406e-01 -6.660557786136836293e-03
1.130883655078123301e-01 6.733840184686338270e-01 -1.267663563971412402e-02
1.133334595761589930e-01 6.764574289276548136e-01 -6.722986840271593864e-03
1.135785536445056559e-01 6.745729425456727935e-01 -8.043298773372066848e-03
1.138236477128523327e-01 6.862501522874046023e-01 1.060329438632258425e-02
1.140687417811989957e-01 6.714432572254426246e-01 -9.755135917038583807e-03
1.143138358495456586e-01 6.811927203813332721e-01 6.094717695851062898e-03
1.145589299178923215e-01 6.717028924454879757e-01 -6.467139543450244228e-03
1.148040239862389844e-01 6.802911588256015385e-01 7.712261786580216529e-03
1.150491180545856473e-01 6.790563171452909108e-01 7.360125082129303706e-03
1.152942121229323102e-01 6.710522058319802197e-01 -3.050733719827848286e-03
1.155393061912789732e-01 6.683339420607229409e-01 -5.628676075412929365e-03
1.157844002596256361e-01 6.817064217441211049e-01 1.576048401559908274e-02
1.160294943279723129e-01 6.674419084448732775e-01 -4.028798389407781295e-03
1.162745883963189758e-01 6.827530854013841299e-01 2.032112954352601961e-02
1.165196824646656387e-01 6.784260640643805518e-01 1.535087763410997001e-02
1.167647765330123016e-01 6.653842735497431660e-01 -2.697103349939687211e-03
1.170098706013589646e-01 6.628653430929775103e-01 -5.004103197714378920e-03
1.172549646697056275e-01 6.740302166533528316e-01 1.325153320592376005e-02
1.175000587380522904e-01 6.611072554698436132e-01 -4.704028261233584099e-03
1.177451528063989533e-01 6.577710397416904886e-01 -8.259660736068539719e-03
1.179902468747456162e-01 6.586014710717496001e-01 -5.535428108168496085e-03
1.182353409430922930e-01 6.603022563000348066e-01 -1.488050238633079969e-03
1.184804350114389560e-01 6.653462718901599349e-01 7.633389992224063302e-03
1.187255290797856189e-01 6.580225863053966728e-01 -1.977284378831167116e-03
1.189706231481322818e-01 6.491585164785912410e-01 -1.395746948987541119e-02
1.192157172164789447e-01 6.636855656640050505e-01 9.608454395056273065e-03
1.194608112848256076e-01 6.462516564399417573e-01 -1.544848996250728496e-02
1.197059053531722705e-01 6.483547472158676106e-01 -1.077273190579136793e-02
1.199509994215189335e-01 6.559663032407859751e-01 2.332849017815499630e-03
1.201960934898656103e-01 6.504910416336356915e-01 -4.550495339665204704e-03
1.204411875582122732e-01 6.555830405906297731e-01 4.739633369706378399e-03
1.206862816265589361e-01 6.556437295316419611e-01 6.333815434433401163e-03
1.209313756949055990e-01 6.470312018798264342e-01 -5.400755051437762175e-03
1.211764697632522619e-01 6.354483531355878956e-01 -2.174445851379005340e-02
1.214215638315989249e-01 6.447479938372654429e-01 -5.942239943194316254e-03
1.216666578999455878e-01 6.476337423752672739e-01 2.417809938393317429e-06
1.219117519682922507e-01 6.442558239537073961e-01 -3.722571825152888765e-03
1.221568460366389136e-01 6.444172434239175962e-01 -1.978643997226368738e-03
1.224019401049855904e-01 6.446767623271878467e-01 -7.868870430303381120e-05
1.226470341733322533e-01 6.369454237644127659e-01 -1.058717837804479776e-02
1.228921282416789162e-01 6.379681837684652024e-01 -7.509843254244876441e-03
1.231372223100255792e-01 6.479992572048985933e-01 9.610682818448118905e-03
1.233823163783722421e-01 6.474356626814857796e-01 1.024951124166710234e-02
1.236274104467189050e-01 6.345127286618451601e-01 -8.425553096964341626e-03
1.238725045150655679e-01 6.524213680342122457e-01 2.109575348019800470e-02
1.241175985834122308e-01 6.484334633254138502e-01 1.638292877840992826e-02
1.243626926517588938e-01 6.386254399238633361e-01 2.517921584387952313e-03
1.246077867201055706e-01 6.259065199640642119e-01 -1.596685847385786658e-02
1.248528807884522335e-01 6.165608102937227830e-01 -2.919766344357999435e-02
1.250979748567988825e-01 6.415509404852587361e-01 1.167498023528124908e-02
1.253430689251455454e-01 6.436875257819040241e-01 1.657690574556575439e-02
1.255881629934922084e-01 6.270593404277992056e-01 -8.187950187163199264e-03
1.258332570618388713e-01 6.307754792293652768e-01 -8.022716615322386191e-04
1.260783511301855342e-01 6.330075346290069405e-01 4.249699432802732033e-03
1.263234451985321971e-01 6.284026313163485478e-01 -1.547717922822519892e-03
1.265685392668788600e-01 6.263828830943876103e-01 -3.250616577624609177e-03
1.268136333352255229e-01 6.329207837939940795e-01 8.677906035528005005e-03
1.270587274035721859e-01 6.216834078354335213e-01 -7.730231035389842700e-03
1.273038214719188488e-01 6.222380054368772395e-01 -5.340076396291176114e-03
1.275489155402655117e-01 6.211353926961585836e-01 -5.597449081842473771e-03
1.277940096086122024e-01 6.305939268887864602e-01 1.107614339901950677e-02
1.280391036769588653e-01 6.263510412851891473e-01 5.796829422315317136e-03
1.282841977453055282e-01 6.246145523290346224e-01 4.530629018370869489e-03
1.285292918136521911e-01 6.264806854033106998e-01 9.061507361950162445e-03
1.287743858819988541e-01 6.121101716117308689e-01 -1.258742429797695545e-02
1.290194799503455170e-01 6.229145505963300522e-01 6.368114198269290982e-03
1.292645740186921799e-01 6.113116072653058675e-01 -1.087633193319965941e-02
1.295096680870388428e-01 6.177969997900385479e-01 1.137029676611202300e-03
1.297547621553855057e-01 6.136922212114067632e-01 -4.002288811455904753e-03
1.299998562237321686e-01 6.152641094620443507e-01 6.793562024494766627e-05
1.302449502920788316e-01 6.295569532187558215e-01 2.485717790315224857e-02
1.304900443604254945e-01 6.141356349293973782e-01 1.274641703802790538e-03
1.307351384287721574e-01 6.072519139165464264e-01 -8.440911720214940364e-03
1.309802324971188203e-01 6.131726287596424019e-01 2.751776123082476117e-03
1.312253265654654832e-01 6.156115230621905798e-01 8.274007282664407395e-03
1.314704206338121462e-01 6.083677915356912047e-01 -2.071630193684403237e-03
1.317155147021588091e-01 6.071338034517144155e-01 -2.577727075896869662e-03
1.319606087705054720e-01 5.985437120357902652e-01 -1.519062302251751075e-02
1.322057028388521627e-01 6.038062767884656568e-01 -5.016826816146687830e-03
1.324507969071988256e-01 6.094668223907200311e-01 5.842871769157051767e-03
1.326958909755454885e-01 6.127382313750389109e-01 1.278476054516217500e-02
1.329409850438921514e-01 6.029948498641790611e-01 -1.798940247252077060e-03
1.331860791122388143e-01 5.990584434726078378e-01 -6.801636494330167738e-03
1.334311731805854773e-01 6.049754186368714315e-01 4.539539711018866601e-03
1.336762672489321402e-01 5.947980643369522591e-01 -1.085153656521574937e-02
1.339213613172788031e-01 5.905110886698121675e-01 -1.648104403321747069e-02
1.341664553856254660e-01 6.083570235994871789e-01 1.478971672096868889e-02
1.344115494539721289e-01 5.909453678343702387e-01 -1.274845416122557910e-02
1.346566435223187919e-01 6.053239926253877190e-01 1.281805572810647623e-02
1.349017375906654548e-01 5.902240956857918164e-01 -1.093773440479152599e-02
1.351468316590121177e-01 5.918603906814158266e-01 -6.679925870530064452e-03
1.353919257273587806e-01 6.027663407947755347e-01 1.316982895997515814e-02
1.356370197957054435e-01 6.020869352251665418e-01 1.357491872076356867e-02
1.358821138640521065e-01 5.934317599515201991e-01 5.318170005673187282e-04
1.361272079323987694e-01 5.868123942360895517e-01 -9.115745679254777176e-03
1.363723020007454323e-01 5.846662496742709436e-01 -1.123003967385497598e-02
1.366173960690921230e-01 5.972506858289140519e-01 1.159701572079434653e-02
1.368624901374387859e-01 5.833589519382181843e-01 -1.042106994110419960e-02
1.371075842057854488e-01 5.950087465541747944e-01 1.088477454567865661e-02
1.373526782741321117e-01 5.828115451196604901e-01 -8.323046154436112079e-03
1.375977723424787746e-01 5.854228508641207140e-01 -2.356118057583051970e-03
1.378428664108254376e-01 5.787643123398948930e-01 -1.219449774613927742e-02
1.380879604791721005e-01 5.926263164060793232e-01 1.301172672325297611e-02
1.383330545475187634e-01 5.863662232562714127e-01 3.844262990067580203e-03
1.385781486158654263e-01 5.725645976135892434e-01 -1.828426699751531381e-02
1.388232426842120892e-01 5.817450076520173097e-01 -1.017707671280315262e-03
1.390683367525587522e-01 5.843745272175228100e-01 5.032865465842076801e-03
1.393134308209054151e-01 5.763495433719582062e-01 -7.252521304245780100e-03
1.395585248892520780e-01 5.854858360303485387e-01 1.002720064776998869e-02
1.398036189575987409e-01 5.748984934159281357e-01 -6.720062487508186334e-03
1.400487130259454038e-01 5.733957583319300166e-01 -7.801059412539080966e-03
1.402938070942920668e-01 5.762811021302727266e-01 -1.283053970785493804e-03
1.405389011626387297e-01 5.832424078510886067e-01 1.232708151778112715e-02
1.407839952309854203e-01 5.743988249736736718e-01 -1.497905296115650776e-03
1.410290892993320833e-01 5.669979828931670518e-01 -1.285584397863545440e-02
1.412741833676787462e-01 5.722884412653626018e-01 -2.121623103034118128e-03
1.415192774360254091e-01 5.738038187731867579e-01 2.050442299429324627e-03
1.417643715043720720e-01 5.689877691970516294e-01 -4.840880796037897588e-03
1.420094655727187349e-01 5.735033303421935846e-01 4.590147968176429803e-03
1.422545596410653979e-01 5.739900682570553414e-01 6.979537632643251222e-03
1.424996537094120608e-01 5.660880441150051290e-01 -5.365625182696708191e-03
1.427447477777587237e-01 5.709293316079572245e-01 4.673536827924184775e-03
1.429898418461053866e-01 5.623479280356501464e-01 -8.915376262001834320e-03
1.432349359144520495e-01 5.677014340617386745e-01 2.048083872998219743e-03
1.434800299827987125e-01 5.686715510857857092e-01 5.293557220744189371e-03
1.437251240511453754e-01 5.663741423247128370e-01 2.761219113920478172e-03
1.439702181194920383e-01 5.680883805762345640e-01 7.331969585408299774e-03
1.442153121878387012e-01 5.554936437020822071e-01 -1.349729328792278853e-02
1.444604062561853641e-01 5.614817397240575714e-01 -1.341108664267162470e-03
1.447055003245320270e-01 5.578762697019176153e-01 -6.239707164167876928e-03
1.449505943928786900e-01 5.494936755748003332e-01 -1.967850238960030390e-02
1.451956884612253806e-01 5.613060537096931091e-01 2.922758479383482690e-03
1.454407825295720436e-01 5.567152816905502899e-01 -3.762958628794442137e-03
1.456858765979187065e-01 5.612931412113369989e-01 5.960445685301852571e-03
1.459309706662653694e-01 5.536022967331861722e-01 -6.310917896791656649e-03
1.461760647346120323e-01 5.628089496705902528e-01 1.175399731311332040e-02
1.464211588029586952e-01 5.554682246943970503e-01 7.893899787142532373e-05
1.466662528713053582e-01 5.486076266645815158e-01 -1.076869547329959223e-02
1.469113469396520211e-01 5.552540229140728867e-01 2.740348642892187925e-03
1.471564410079986840e-01 5.455979197288621796e-01 -1.319791062179772462e-02
1.474015350763453469e-01 5.473877886501287149e-01 -8.454054342692540053e-03
1.476466291446920098e-01 5.471989207401029010e-01 -7.288267559082183510e-03
1.478917232130386727e-01 5.362803409822097800e-01 -2.561681979060906333e-02
1.481368172813853357e-01 5.564215238405375574e-01 1.251529364276015438e-02
1.483819113497319986e-01 5.520216329271049327e-01 6.035534418094060626e-03
1.486270054180786615e-01 5.574513458411053390e-01 1.747447545572147765e-02
1.488720994864253244e-01 5.568226246548866332e-01 1.787051187235454489e-02
1.491171935547719873e-01 5.495546726171053331e-01 6.109934391388721804e-03
1.493622876231186503e-01 5.470528007773693968e-01 3.049610041778210573e-03
1.496073816914653409e-01 5.488958903427069158e-01 7.955917600416820279e-03
1.498524757598120039e-01 5.440435228447405569e-01 5.604857793713495734e-04
1.500975698281586668e-01 5.372098790418717851e-01 -1.050960188409717257e-02
1.503426638965053297e-01 5.465296091031122128e-01 8.181955762049065647e-03
1.505877579648519926e-01 5.485380691316248392e-01 1.341975252936258509e-02
1.508328520331986555e-01 5.375999763280089327e-01 -5.284399460261622605e-03
1.510779461015453184e-01 5.367130345871242714e-01 -5.422448062619770331e-03
1.513230401698919814e-01 5.400096572284913687e-01 2.200414700874371923e-03
1.515681342382386443e-01 5.407765514869834478e-01 5.141395543906453723e-03
1.518132283065853072e-01 5.362606797799571723e-01 -1.745615427520600142e-03
1.520583223749319701e-01 5.319118160535620810e-01 -8.345062757587364682e-03
1.523034164432786330e-01 5.321108345662544092e-01 -6.475893007446286570e-03
1.525485105116252960e-01 5.314454604456261277e-01 -6.220418567361178999e-03
1.527936045799719589e-01 5.332934265817085295e-01 -1.260224434040330696e-03
1.530386986483186218e-01 5.293672193408893722e-01 -7.118105924569653915e-03
1.532837927166652847e-01 5.319478967441887418e-01 -7.739419467040295096e-04
1.535288867850119476e-01 5.234920133668997666e-01 -1.517628947443568944e-02
1.537739808533586383e-01 5.272190126377855890e-01 -6.671383398544486823e-03
1.540190749217053012e-01 5.464350324410665038e-01 3.108276652216471897e-02
1.542641689900519641e-01 5.320537007468889579e-01 5.456366842373267315e-03
1.545092630583986271e-01 5.529383647257307688e-01 4.649438472993464022e-02
1.547543571267452900e-01 5.205808133230005463e-01 -1.326530022225202131e-02
1.549994511950919529e-01 5.254967408217595670e-01 -2.451599721225116574e-03
1.552445452634386158e-01 5.248538047249019511e-01 -2.176697300463514319e-03
1.554896393317852787e-01 5.215483105635743133e-01 -6.973567025963967915e-03
1.557347334001319417e-01 5.310301889731746661e-01 1.259569644539939963e-02
1.559798274684786046e-01 5.183849656413757057e-01 -1.003581153890139958e-02
1.562249215368252675e-01 5.250842615987590944e-01 4.259445934294731582e-03
1.564700156051719304e-01 5.253944170759570209e-01 6.356429652331784322e-03
1.567151096735185933e-01 5.281409433569946854e-01 1.313020399985098501e-02
1.569602037418652563e-01 5.314396324014351025e-01 2.098184654717144895e-02
1.572052978102119192e-01 5.082874466802502766e-01 -2.203859404594032609e-02
1.574503918785585821e-01 5.274420527884438048e-01 1.633042630786543312e-02
1.576954859469052450e-01 5.232038608991994577e-01 9.667885348018786726e-03
1.579405800152519079e-01 5.242877976922523109e-01 1.326808099279535094e-02
1.581856740835985986e-01 5.207094466694475177e-01 7.851750527838352242e-03
1.584307681519452615e-01 5.130240511487429433e-01 -5.545126047448002173e-03
1.586758622202919244e-01 5.049295972907021923e-01 -1.977921622567747895e-02
1.589209562886385874e-01 5.124664908989331469e-01 -3.668556522052839226e-03
1.591660503569852503e-01 5.137876704243354853e-01 3.843372988156040998e-04
1.594111444253319132e-01 5.067708460661238812e-01 -1.181280560417579534e-02
1.596562384936785761e-01 5.150555196489892129e-01 5.832318546912449754e-03
1.599013325620252390e-01 5.155087604465578011e-01 8.210168943370947658e-03
1.601464266303719020e-01 5.141421589655663649e-01 7.027339436158777132e-03
1.603915206987185649e-01 5.130492814232883170e-01 6.374633870746838557e-03
1.606366147670652278e-01 5.105962911451150665e-01 3.044810976230118236e-03
1.608817088354118907e-01 5.050893837523429131e-01 -6.306325938175260347e-03
1.611268029037585536e-01 5.134581274317606692e-01 1.165036133819423794e-02
1.613718969721052166e-01 5.090215288706827490e-01 4.389576606485481695e-03
1.616169910404518795e-01 5.092743330707896199e-01 6.370694384247731386e-03
1.618620851087985424e-01 5.059655871622329437e-01 1.306012739928609327e-03
1.621071791771452053e-01 5.014797429123751815e-01 -6.109840905936434440e-03
1.623522732454918682e-01 5.110763896736549849e-01 1.440051518983068678e-02
1.625973673138385589e-01 5.069257641408658754e-01 7.641730676834003998e-03
1.628424613821852218e-01 4.922145750289030897e-01 -2.016291156316876026e-02
1.630875554505318847e-01 5.023340412651124964e-01 1.449652158855723556e-03
1.633326495188785477e-01 4.967020705584053730e-01 -8.325687678092752106e-03
1.635777435872252106e-01 4.986102964835001927e-01 -3.056855075599791000e-03
1.638228376555718735e-01 4.920253434080447130e-01 -1.478243575678308067e-02
1.640679317239185364e-01 4.948228586236348980e-01 -7.731021847012966956e-03
1.643130257922651993e-01 4.920461813133386042e-01 -1.185660400294473449e-02
1.645581198606118623e-01 5.063219668496451442e-01 1.829773587245018748e-02
1.648032139289585252e-01 5.001079933460752525e-01 7.268277089570577588e-03
1.650483079973051881e-01 4.966948659174516556e-01 1.852599780259202647e-03
1.652934020656518510e-01 4.974681138141063830e-01 4.874087753997274376e-03
1.655384961339985139e-01 4.995591340811270653e-01 1.056669154185813086e-02
1.657835902023451768e-01 4.952460244547930990e-01 3.298548115151698178e-03
1.660286842706918398e-01 4.925117305195132467e-01 -7.910769452712310135e-04
1.662737783390385027e-01 4.981132494811707501e-01 1.204024276377174164e-02
1.665188724073851656e-01 4.912838407071203339e-01 -3.877915729240647043e-04
1.667639664757318563e-01 4.927942015558077760e-01 4.138134730258493342e-03
1.670090605440785192e-01 4.854545400501535934e-01 -9.385569073583769142e-03
1.672541546124251821e-01 4.894183198122972200e-01 1.472017961962286464e-04
1.674992486807718450e-01 4.835842381538565382e-01 -1.034718978148679337e-02
1.677443427491185080e-01 4.850923849055698289e-01 -5.827824539518328996e-03
1.679894368174651709e-01 4.890375042483445234e-01 3.702788372514144791e-03
1.682345308858118338e-01 4.750229559604008944e-01 -2.365620525962095627e-02
1.684796249541584967e-01 4.853854951938835760e-01 -9.216174878387178903e-04
1.687247190225051596e-01 4.891306828725451306e-01 8.234729512504281729e-03
1.689698130908518225e-01 4.799663491658446857e-01 -9.234458895787242202e-03
1.692149071591984855e-01 4.872601887556523015e-01 7.265050193799008418e-03
1.694600012275451484e-01 4.878099828505490509e-01 9.847101382824139174e-03
1.697050952958918113e-01 4.911797508243490040e-01 1.827918069136156426e-02
1.699501893642384742e-01 4.751917699207030554e-01 -1.345669433877435921e-02
1.701952834325851371e-01 4.717639995157904553e-01 -1.917340481686075071e-02
1.704403775009318001e-01 4.917706062799620526e-01 2.388116006086098836e-02
1.706854715692784630e-01 4.802299405428205326e-01 1.279023784609994389e-03
1.709305656376251259e-01 4.749572315879606044e-01 -8.303827687009506311e-03
1.711756597059718166e-01 4.739779980031407769e-01 -8.940095337319861613e-03
1.714207537743184795e-01 4.837008435304766540e-01 1.282753673899173635e-02
1.716658478426651424e-01 4.775099947024501468e-01 1.284261713742938316e-03
1.719109419110118053e-01 4.774044704366988134e-01 2.482975384633660104e-03
1.721560359793584682e-01 4.787796966050515413e-01 6.795300017164830099e-03
1.724011300477051312e-01 4.757811657895137936e-01 1.905949371590994401e-03
1.726462241160517941e-01 4.716578363208156488e-01 -5.372779826617397197e-03
1.728913181843984570e-01 4.755131691559904006e-01 4.173439277169343174e-03
1.731364122527451199e-01 4.728179951566817141e-01 -1.096262593141513120e-04
1.733815063210917828e-01 4.615442119643033414e-01 -2.257550333432286477e-02
1.736266003894384458e-01 4.808580223285993660e-01 1.975913335745829030e-02
1.738716944577851087e-01 4.704493879857988836e-01 -9.119211217858959285e-04
1.741167885261317716e-01 4.717099122118629251e-01 3.171771915402773426e-03
1.743618825944784345e-01 4.758849169953023317e-01 1.347016804568658757e-02
1.746069766628250974e-01 4.703827242554715071e-01 3.155859888272785196e-03
1.748520707311717604e-01 4.606160761989968599e-01 -1.629822535767160366e-02
1.750971647995184233e-01 4.640581904979745875e-01 -7.561955249234936054e-03
1.753422588678650862e-01 4.598861835953504951e-01 -1.511118250676054750e-02
1.755873529362117769e-01 4.705310784849279782e-01 9.090970518109600662e-03
1.758324470045584398e-01 4.671447190857999643e-01 3.223943418945161930e-03
1.760775410729051027e-01 4.730734998699314131e-01 1.736965090768367512e-02
1.763226351412517656e-01 4.727085098742763725e-01 1.799714554224138632e-02
1.765677292095984285e-01 4.635464405588015646e-01 -3.484598145318880836e-04
1.768128232779450915e-01 4.618817691147920068e-01 -2.557836654063630043e-03
1.770579173462917544e-01 4.607704350333768906e-01 -3.580356183241305626e-03
1.773030114146384173e-01 4.681240058355291001e-01 1.372141140530529213e-02
1.775481054829850802e-01 4.597194147481812321e-01 -3.104036319995734025e-03
1.777931995513317431e-01 4.608803427187309065e-01 7.917451864310076247e-04
1.780382936196784061e-01 4.539697501466683494e-01 -1.285663786690123545e-02
1.782833876880250690e-01 4.620766876517221067e-01 6.153873097680496312e-03
1.785284817563717319e-01 4.535649577678020350e-01 -1.102318264594358277e-02
1.787735758247183948e-01 4.533513868271245029e-01 -1.013247088787968056e-02
1.790186698930650577e-01 4.528410798138411408e-01 -9.891713462440710619e-03
1.792637639614117206e-01 4.555636706638165334e-01 -2.575702864751441487e-03
1.795088580297583836e-01 4.516769732829802320e-01 -9.733647399067117678e-03
1.797539520981050742e-01 4.522667548514605063e-01 -7.087044822856005365e-03
1.799990461664517372e-01 4.577726044167270691e-01 6.370681617741855499e-03
1.802441402347984001e-01 4.547044106378618777e-01 9.865260650963542446e-04
1.804892343031450630e-01 4.400641881332224004e-01 -2.992525325220832602e-02
1.807343283714917259e-01 4.529964475263323354e-01 -6.149802043748141885e-05
1.809794224398383888e-01 4.518809755875463630e-01 -1.171122965973136901e-03
1.812245165081850518e-01 4.559506004567376314e-01 9.189149737059009934e-03
1.814696105765317147e-01 4.530322957392428629e-01 4.085974970436371048e-03
1.817147046448783776e-01 4.511140514305088667e-01 1.184819502958786097e-03
1.819597987132250405e-01 4.587952222619883225e-01 1.960546499521946540e-02
1.822048927815717034e-01 4.533466692184539570e-01 8.853871405331718847e-03
1.824499868499183663e-01 4.514644361121515348e-01 6.016598765568417426e-03
1.826950809182650293e-01 4.451448646346427562e-01 -6.733172675973537503e-03
1.829401749866116922e-01 4.422289235645102679e-01 -1.191600854414571337e-02
1.831852690549583551e-01 4.423930727039929178e-01 -1.022521968645914887e-02
1.834303631233050180e-01 4.586535725482475678e-01 2.752732921533128374e-02
1.836754571916516809e-01 4.516359443429067144e-01 1.315716770722776333e-02
1.839205512599983439e-01 4.460616999198979138e-01 1.987175317377428037e-03
1.841656453283450345e-01 4.468103962657525297e-01 5.005837648008948544e-03
1.844107393966916975e-01 4.441022933233571557e-01 2.431755829404885121e-04
1.846558334650383604e-01 4.352613905828764396e-01 -1.836695494291591332e-02
1.849009275333850233e-01 4.430929283662278784e-01 6.206511324851891106e-04
1.851460216017316862e-01 4.370105523975924555e-01 -1.180794513559102477e-02
1.853911156700783491e-01 4.356777184815416870e-01 -1.351895411002110130e-02
1.856362097384250121e-01 4.415419640374254606e-01 1.079367563321262597e-03
1.858813038067716750e-01 4.319969335762820495e-01 -1.926994231687092357e-02
1.861263978751183379e-01 4.362879512998658615e-01 -8.224211687035624940e-03
1.863714919434650008e-01 4.365164660178867395e-01 -6.400107667265026584e-03
1.866165860118116637e-01 4.419180612532391250e-01 7.215591393906836334e-03
1.868616800801583266e-01 4.427858945520440348e-01 1.051649520475850946e-02
1.871067741485049896e-01 4.368463650615758143e-01 -1.733600067292574362e-03
1.873518682168516525e-01 4.326687319187108582e-01 -9.987928255067552233e-03
1.875969622851983154e-01 4.318693993309324908e-01 -1.052729901360032784e-02
1.878420563535449783e-01 4.351099587589136730e-01 -1.803683300656185214e-03
1.880871504218916412e-01 4.397861695922821723e-01 1.023686225904855106e-02
1.883322444902383319e-01 4.360778994559480481e-01 3.019952443268940443e-03
1.885773385585849948e-01 4.282349568251288541e-01 -1.374184371974580300e-02
1.888224326269316578e-01 4.337216592718195485e-01 1.882377547840489627e-04
1.890675266952783207e-01 4.343554397451765414e-01 2.945143133099386440e-03
1.893126207636249836e-01 4.325118951295283676e-01 -2.211947602823229414e-05
1.895577148319716465e-01 4.310001872435699766e-01 -2.232490996521739428e-03
1.898028089003183094e-01 4.293287394046114147e-01 -4.822477095873920275e-03
1.900479029686649723e-01 4.265766120859502686e-01 -9.930978725899481177e-03
1.902929970370116353e-01 4.297736788152915488e-01 -1.230634592431289120e-03
1.905380911053582982e-01 4.322329426376264605e-01 5.771588185750292990e-03
1.907831851737049611e-01 4.325106985958071526e-01 7.705399819776153139e-03
1.910282792420516240e-01 4.282802123083458423e-01 -8.766667808691315207e-04
1.912733733103982869e-01 4.290990213836092804e-01 2.310097394474958012e-03
1.915184673787449499e-01 4.189966588960222227e-01 -2.004133491399148759e-02
1.917635614470916128e-01 4.246880148539231570e-01 -5.467582102198079337e-03
1.920086555154382757e-01 4.212449832497283664e-01 -1.227841064150993547e-02
1.922537495837849386e-01 4.228766370121554985e-01 -7.196075035143648969e-03
1.924988436521316015e-01 4.249032892521259486e-01 -1.175936551480186859e-03
1.927439377204782922e-01 4.180033473421271295e-01 -1.615452176046324601e-02
1.929890317888249551e-01 4.270199204699515749e-01 6.335097370346071122e-03
1.932341258571716180e-01 4.247438249106991748e-01 2.231448027680175018e-03
1.934792199255182810e-01 4.291474553237986655e-01 1.389522777656690064e-02
1.937243139938649439e-01 4.252444244635356085e-01 5.934877655266104259e-03
1.939694080622116068e-01 4.159624524858119843e-01 -1.478915487920809922e-02
1.942145021305582697e-01 4.233684781021683219e-01 4.006449720672202071e-03
1.944595961989049326e-01 4.155784701516940793e-01 -1.323652553769848542e-02
1.947046902672515956e-01 4.249718381601108597e-01 1.032553841259802561e-02
1.949497843355982585e-01 4.199397959365400168e-01 -3.948672672688582214e-04
1.951948784039449214e-01 4.130264340696028214e-01 -1.562932482856038349e-02
1.954399724722915843e-01 4.191423832889739076e-01 1.862556558722947594e-04
1.956850665406382472e-01 4.149072245974868567e-01 -8.693638264302637128e-03
1.959301606089849102e-01 4.150179239835224410e-01 -7.203014585734495399e-03
1.961752546773315731e-01 4.217889622059086130e-01 1.024012351522032155e-02
1.964203487456782360e-01 4.149868366185736623e-01 -4.826881134031649374e-03
1.966654428140248989e-01 4.179430794346103428e-01 3.495597814071289573e-03
1.969105368823715618e-01 4.107217166674059783e-01 -1.263183073957238438e-02
1.971556309507182525e-01 4.193519986571730418e-01 9.351422587031213429e-03
1.974007250190649154e-01 4.206726352109749212e-01 1.376962366023793023e-02
1.976458190874115783e-01 4.163210767132966006e-01 4.509023749103620304e-03
1.978909131557582413e-01 4.246312824596583102e-01 2.581008489571479450e-02
1.981360072241049042e-01 4.203102844300702357e-01 1.660825524215973209e-02
1.983811012924515671e-01 4.109605471518355535e-01 -4.797442010039492527e-03
1.986261953607982300e-01 4.150301203316423271e-01 6.277604116055070065e-03
1.988712894291448929e-01 4.179093162465108424e-01 1.448628919749679958e-02
1.991163834974915559e-01 4.095477446087089635e-01 -4.609008522054132938e-03
1.993614775658382188e-01 4.077527154776199869e-01 -7.774996048940671124e-03
1.996065716341848817e-01 4.102708090018187814e-01 -4.439327325190428370e-04
1.998516657025315446e-01 4.114922101821174572e-01 3.738299328867424227e-03
2.000967597708782075e-01 4.058075005597382434e-01 -8.939010437919746310e-03
2.003418538392248704e-01 4.074528119778627056e-01 -3.727451833436140095e-03
2.005869479075715334e-01 4.050158428641177921e-01 -8.500529414109947446e-03
2.008320419759181963e-01 4.100127603027085565e-01 4.931770339363770843e-03
2.010771360442648592e-01 4.122314943970573631e-01 1.157525810664974432e-02
2.013222301126115499e-01 3.966846220055346151e-01 -2.541590728247784467e-02
2.015673241809582128e-01 4.085185253145935946e-01 4.851142485245485414e-03
2.018124182493048757e-01 4.065790415834075189e-01 1.267412647029766233e-03
2.020575123176515386e-01 4.002795469428676589e-01 -1.307827329586225794e-02
2.023026063859982016e-01 4.062110633054828446e-01 2.730838121052731396e-03
2.025477004543448645e-01 4.144931457296006649e-01 2.438306120238415559e-02
2.027927945226915274e-01 4.023255779684116185e-01 -4.516220803223568864e-03
2.030378885910381903e-01 3.971234193588180639e-01 -1.623209553805461322e-02
2.032829826593848532e-01 4.054212900607371828e-01 5.503080702632932343e-03
2.035280767277315161e-01 4.043353866070669156e-01 3.985423999313206060e-03
2.037731707960781791e-01 4.008520110460671582e-01 -3.499266348122616246e-03
2.040182648644248420e-01 4.060189303327818577e-01 1.052447542989315941e-02
2.042633589327715049e-01 4.069487085320802056e-01 1.401954319389806317e-02
2.045084530011181678e-01 4.040257889739168884e-01 7.908094345351779353e-03
2.047535470694648307e-01 3.947087926503724531e-01 -1.419063122911967158e-02
2.049986411378114937e-01 3.980982903438794462e-01 -4.572014495154617941e-03
2.052437352061581566e-01 3.958840884678838101e-01 -8.962532342363943236e-03
2.054888292745048195e-01 3.968412041319732131e-01 -5.418494146291249342e-03
2.057339233428515102e-01 3.986414078188234011e-01 2.457674215296210842e-04
2.059790174111981731e-01 3.975684873466001634e-01 -1.297671139233678430e-03
2.062241114795448360e-01 3.907832245938585580e-01 -1.721409885385860247e-02
2.064692055478914989e-01 3.930248438235436903e-01 -1.044256281346107873e-02
2.067142996162381618e-01 4.013323700471164712e-01 1.163138287318054263e-02
2.069593936845848248e-01 3.947658365321237151e-01 -3.783183624403481035e-03
2.072044877529314877e-01 4.018359185039123704e-01 1.521579973204029330e-02
2.074495818212781506e-01 3.897798870984534036e-01 -1.412137535838395470e-02
2.076946758896248135e-01 3.913124256527578670e-01 -9.119733456556495393e-03
2.079397699579714764e-01 3.961936934901794105e-01 4.379223560913091812e-03
2.081848640263181394e-01 3.892430097276058931e-01 -1.212337017461648757e-02
2.084299580946648023e-01 3.938543143720830697e-01 7.102102100879246691e-04
2.086750521630114652e-01 3.924201477081410983e-01 -1.808281475446693858e-03
2.089201462313581281e-01 3.862999575617860337e-01 -1.626895750447759567e-02
2.091652402997047910e-01 3.939506828178422904e-01 4.342249898129719315e-03
2.094103343680514540e-01 3.882399191872676347e-01 -9.105695034445556238e-03
2.096554284363981169e-01 3.932325294601232146e-01 4.761444412690756661e-03
2.099005225047447798e-01 3.893728075564222291e-01 -3.987852162638401074e-03
2.101456165730914705e-01 3.870237658095727062e-01 -8.891374594688604416e-03
2.103907106414381334e-01 3.911610982329242203e-01 2.820022059798212976e-03
2.106358047097847963e-01 3.894780176009956518e-01 -3.841741138821153654e-04
2.108808987781314592e-01 3.885872831995075827e-01 -1.562912642911451142e-03
2.111259928464781221e-01 3.881323065253391991e-01 -1.626651900944400255e-03
2.113710869148247851e-01 3.861760944684894947e-01 -5.559611912809888333e-03
2.116161809831714480e-01 3.895974417698098713e-01 4.358515416097007850e-03
2.118612750515181109e-01 3.844833841422416465e-01 -7.732729268497926835e-03
2.121063691198647738e-01 3.816230278735678327e-01 -1.403112450671924888e-02
2.123514631882114367e-01 3.839468130772998311e-01 -6.937999952252044827e-03
2.125965572565580997e-01 3.818350367694488545e-01 -1.131747017495920299e-02
2.128416513249047626e-01 3.820247640483242502e-01 -9.743933270049571008e-03
2.130867453932514255e-01 3.822956014663790869e-01 -7.959656167246044120e-03
2.133318394615980884e-01 3.797347074498877428e-01 -1.353089015817100088e-02
2.135769335299447513e-01 3.789274725874923200e-01 -1.455683210596386140e-02
2.138220275982914143e-01 3.870787652795342204e-01 7.734805685449756829e-03
2.140671216666380772e-01 3.858662355151122325e-01 5.667099960609456658e-03
2.143122157349847678e-01 3.846518289655906919e-01 3.586824715565323316e-03
2.145573098033314308e-01 3.837717533976985340e-01 2.372109771643568336e-03
2.148024038716780937e-01 3.775190128012383406e-01 -1.289636776134801474e-02
2.150474979400247566e-01 3.878739682354821472e-01 1.527021264283159700e-02
2.152925920083714195e-01 3.796987593420420581e-01 -5.061087104200501230e-03
2.155376860767180824e-01 3.881638128318992687e-01 1.821068648018726865e-02
2.157827801450647454e-01 3.885994122201924528e-01 2.044417910317073567e-02
2.160278742134114083e-01 3.803738034286317515e-01 -8.896220386765178408e-05
2.162729682817580712e-01 3.871053366594072731e-01 1.869157816091843172e-02
2.165180623501047341e-01 3.781270765409527335e-01 -3.876299193766980910e-03
2.167631564184513970e-01 3.800323477095292057e-01 2.206343438852983400e-03
2.170082504867980600e-01 3.780244573370035166e-01 -2.031769322208254111e-03
2.172533445551447229e-01 3.784280235986057228e-01 9.093842073754909174e-05
2.174984386234913858e-01 3.767723984592287745e-01 -3.232614016143048243e-03
2.177435326918380487e-01 3.876652802785236496e-01 2.666637222572725702e-02
2.179886267601847116e-01 3.757605975127422115e-01 -3.813816437150010022e-03
2.182337208285313745e-01 3.752129740533284852e-01 -4.220626272813808762e-03
2.184788148968780375e-01 3.774582705876983746e-01 2.788596804415474726e-03
2.187239089652247281e-01 3.773061058057578521e-01 3.433501226012549649e-03
2.189690030335713911e-01 3.729999184918754707e-01 -6.982311094853278603e-03
2.192140971019180540e-01 3.710845136954296075e-01 -1.105138374438480349e-02
2.194591911702647169e-01 3.772993854467785457e-01 6.558009875946444779e-03
2.197042852386113798e-01 3.758615672982533740e-01 3.763996918373411094e-03
2.199493793069580427e-01 3.713609119761128174e-01 -7.226820493418475468e-03
2.201944733753047057e-01 3.825802820184459607e-01 2.382505433590995092e-02
2.204395674436513686e-01 3.761274420425211873e-01 7.596587627982416199e-03
2.206846615119980315e-01 3.725147363495798780e-01 -1.052192081409993952e-03
2.209297555803446944e-01 3.725431444045349538e-01 5.242360747521540381e-05
2.211748496486913573e-01 3.745357765653371529e-01 6.434531861622717896e-03
2.214199437170380202e-01 3.708047932217645726e-01 -2.569208298082048536e-03
2.216650377853846832e-01 3.748509869627415503e-01 9.346973262180752542e-03
2.219101318537313461e-01 3.709494225464199380e-01 -1.379019346355637196e-04
2.221552259220780090e-01 3.683973782860934243e-01 -6.003843861400514313e-03
2.224003199904246719e-01 3.678757171579450924e-01 -6.400754447169559012e-03
2.226454140587713348e-01 3.733902485002384419e-01 9.518430045392229505e-03
2.228905081271179978e-01 3.706014784961765285e-01 2.995005993971359883e-03
2.231356021954646884e-01 3.691144662906772345e-01 -1.789520086116148836e-05
2.233806962638113514e-01 3.675494303126992102e-01 -3.251358066219065153e-03
2.236257903321580143e-01 3.697242485737818884e-01 3.658046545749393461e-03
2.238708844005046772e-01 3.684107148008267107e-01 1.099462365863976753e-03
2.241159784688513401e-01 3.672326189357858484e-01 -1.098719900719435840e-03
2.243610725371980030e-01 3.699822705244572019e-01 7.390345392302214572e-03
2.246061666055446659e-01 3.651357319547807179e-01 -4.810084960989145092e-03
2.248512606738913289e-01 3.686865981257115843e-01 5.872545468656779032e-03
2.250963547422379918e-01 3.646049118497137753e-01 -4.270660252027106557e-03
2.253414488105846547e-01 3.657944052424244030e-01 -2.705648876053481824e-05
2.255865428789313176e-01 3.680866881215195119e-01 7.239901766435016123e-03
2.258316369472779805e-01 3.657288658924937597e-01 1.781230457369838800e-03
2.260767310156246435e-01 3.648366419883359302e-01 3.273994822967370264e-04
2.263218250839713064e-01 3.606928705673979052e-01 -1.005615009673355847e-02
2.265669191523179693e-01 3.676871820765241217e-01 1.013637583346622441e-02
2.268120132206646322e-01 3.618095915705627497e-01 -5.031473252839067239e-03
2.270571072890112951e-01 3.569104127222304523e-01 -1.753867018362053817e-02
2.273022013573579858e-01 3.637318183280626172e-01 2.221591879032872724e-03
2.275472954257046487e-01 3.700867327499050008e-01 2.073129340724622419e-02
2.277923894940513116e-01 3.690656695990108260e-01 1.891100756349640977e-02
2.280374835623979746e-01 3.655309951081173181e-01 1.013809048305203304e-02
2.282825776307446375e-01 3.581417370174785897e-01 -9.317129566925146100e-03
2.285276716990913004e-01 3.626602060368376290e-01 4.157990644952519639e-03
2.287727657674379633e-01 3.623594623966260864e-01 4.299918731262009942e-03
2.290178598357846262e-01 3.594888631842950155e-01 -2.689961955930073208e-03
2.292629539041312892e-01 3.578205061612002580e-01 -6.357499524188950889e-03
2.295080479724779521e-01 3.622006236527381962e-01 6.777655793460305757e-03
2.297531420408246150e-01 3.546597876542423866e-01 -1.323207183849034289e-02
2.299982361091712779e-01 3.576431561033743267e-01 -3.973349847085305697e-03
2.302433301775179408e-01 3.613460604659783915e-01 7.306400778747064451e-03
2.304884242458646038e-01 3.602231210173992837e-01 5.139525767069508429e-03
2.307335183142112667e-01 3.648832792529154156e-01 1.911805759995419823e-02
2.309786123825579296e-01 3.593872694928814671e-01 4.727443071077198390e-03
2.312237064509045925e-01 3.533081144679318109e-01 -1.132510929290680458e-02
2.314688005192512554e-01 3.539968099686003344e-01 -8.454069686500120459e-03
2.317138945875979461e-01 3.559389123341847871e-01 -2.065967522491956102e-03
2.319589886559446090e-01 3.518591042027462423e-01 -1.256772626422607633e-02
2.322040827242912719e-01 3.556698612823273598e-01 -9.274244242609498744e-04
2.324491767926379349e-01 3.574781325960985079e-01 5.102120658723573871e-03
2.326942708609845978e-01 3.571852608238081928e-01 5.227281626888886576e-03
2.329393649293312607e-01 3.573129553978207085e-01 6.534866652848267052e-03
2.331844589976779236e-01 3.552697469309206157e-01 1.721298840474159248e-03
2.334295530660245865e-01 3.520913047501404991e-01 -6.307750884023637268e-03
2.336746471343712495e-01 3.568484544096846567e-01 8.062935074098135854e-03
2.339197412027179124e-01 3.551616266449652559e-01 4.237403798234493091e-03
2.341648352710645753e-01 3.462914400637006618e-01 -1.992806795020344440e-02
2.344099293394112382e-01 3.557790917457364088e-01 7.863616403941424068e-03
2.346550234077579011e-01 3.510750537780372160e-01 -4.535490855592674495e-03
2.349001174761045641e-01 3.517149565118429244e-01 -1.793420190248580775e-03
2.351452115444512270e-01 3.480542227601083893e-01 -1.126570107498742028e-02
2.353903056127978899e-01 3.561148449562233642e-01 1.257032360513215402e-02
2.356353996811445528e-01 3.506315441935333177e-01 -2.098096400140166476e-03
2.358804937494912157e-01 3.510951481702192511e-01 1.445504500117110176e-04
2.361255878178379064e-01 3.482727230730995327e-01 -6.980410068367430901e-03
2.363706818861845693e-01 3.556225235714057797e-01 1.490959391827174213e-02
2.366157759545312322e-01 3.535610760195937452e-01 9.954076121369665256e-03
2.368608700228778952e-01 3.516773576495435538e-01 5.495214474391615402e-03
2.371059640912245581e-01 3.544931278567012845e-01 1.447461586827675228e-02
2.373510581595712210e-01 3.522234285183252767e-01 8.901375186328611827e-03
2.375961522279178839e-01 3.555301973214240463e-01 1.930329037472936979e-02
2.378412462962645468e-01 3.514856326692140098e-01 8.626373420240043832e-03
2.380863403646112098e-01 3.494431093460485527e-01 3.677961423334000224e-03
2.383314344329578727e-01 3.519167704770654326e-01 1.170149732314365761e-02
2.385765285013045356e-01 3.468113189420731213e-01 -2.071156992904764262e-03
2.388216225696511985e-01 3.462627704329222511e-01 -2.746985837470485286e-03
2.390667166379978614e-01 3.492233548547178934e-01 6.689296007461297162e-03
2.393118107063445243e-01 3.421514200790082283e-01 -1.280601731158002680e-02
2.395569047746911873e-01 3.535733509395231344e-01 2.106885987473867614e-02
2.398019988430378502e-01 3.448061865244969049e-01 -3.353178771441443339e-03
2.400470929113845131e-01 3.475331116379216101e-01 5.431606192310309451e-03
2.402921869797312038e-01 3.420224770601555386e-01 -9.623146422370682657e-03
2.405372810480778667e-01 3.412805550688477463e-01 -1.088622132713656931e-02
2.407823751164245296e-01 3.438102292671509908e-01 -2.663388140847546773e-03
2.410274691847711925e-01 3.401310600178165111e-01 -1.245496041242922548e-02
2.412725632531178555e-01 3.405843889123238433e-01 -1.025708513648272181e-02
2.415176573214645184e-01 3.441563933474381387e-01 1.013527437106536691e-03
2.417627513898111813e-01 3.406016107349192357e-01 -8.445380201245546864e-03
2.420078454581578442e-01 3.436505483091193414e-01 1.318473567423504795e-03
2.422529395265045071e-01 3.505414820639166096e-01 2.230210248219663058e-02
2.424980335948511700e-01 3.419912924457738090e-01 -1.750869863365822794e-03
2.427431276631978330e-01 3.449590410462198831e-01 7.801247906723086240e-03
2.429882217315444959e-01 3.396874121380494826e-01 -6.724562926529227373e-03
2.432333157998911588e-01 3.385094222881972481e-01 -9.297396924764935941e-03
2.434784098682378217e-01 3.400969442058007219e-01 -3.776016337922279229e-03
2.437235039365844846e-01 3.377356130652287014e-01 -9.824296740935491504e-03
2.439685980049311476e-01 3.410147278620438982e-01 6.659324874589327495e-04
2.442136920732778105e-01 3.393493570423600225e-01 -3.349221611024583677e-03
2.444587861416244734e-01 3.432825700892756515e-01 9.083642884110577562e-03
2.447038802099711641e-01 3.438912158353877313e-01 1.175501468875525188e-02
2.449489742783177992e-01 3.398372972608658116e-01 6.993847973672827128e-04
