1.000000000000000048e-04 1.008130820248883230e+00 8.130820248883278978e-03
3.450940683466644822e-04 9.912925124431054558e-01 -8.705324842770168284e-03
5.901881366933290273e-04 1.010077555501418978e+00 1.008439004189765932e-02
8.352822050399935725e-04 9.897325215642569507e-01 -1.025386574623807917e-02
1.080376273386658009e-03 9.920320298810073600e-01 -7.945010079727043290e-03
1.325470341733322446e-03 9.898904024767961607e-01 -1.007501271209490339e-02
1.570564410079987100e-03 9.985060566870468390e-01 -1.444881998244345114e-03
1.815658478426651536e-03 9.946009904396848622e-01 -5.333629790637351049e-03
2.060752546773315756e-03 1.014834033398583246e+00 1.492002841982495963e-02
2.305846615119980410e-03 9.992807747420076048e-01 -6.131566995987330123e-04
2.550940683466644630e-03 9.934867686447459434e-01 -6.384122277862717965e-03
2.796034751813309283e-03 1.016895310098450356e+00 1.705411867330840561e-02
3.041128820159973937e-03 9.862738670905720761e-01 -1.354388065034470116e-02
3.286222888506638157e-03 9.903567396226399255e-01 -9.429529783818954916e-03
3.531316956853302810e-03 9.934693263541138908e-01 -6.283061972529264960e-03
3.776411025199967030e-03 1.006704540011312377e+00 6.991523215773900839e-03
4.021505093546632117e-03 1.003879977757516917e+00 4.204541870430945211e-03
4.266599161893296771e-03 1.002370704893613240e+00 2.735520657746827889e-03
4.511693230239961425e-03 9.871966959462643576e-01 -1.240151297884512990e-02
4.756787298586625211e-03 1.022584899836097128e+00 2.304757589270405721e-02
5.001881366933289864e-03 9.939106052588320139e-01 -5.592122147619351356e-03
5.246975435279954518e-03 9.897894314921337200e-01 -9.665602237878066771e-03
5.492069503626619172e-03 1.000288399868235922e+00 8.918381734148350583e-04
5.737163571973283825e-03 9.896660680908974106e-01 -9.682386858046929806e-03
5.982257640319948479e-03 1.017691746596836255e+00 1.842025177458119292e-02
6.227351708666612265e-03 9.886475081239636253e-01 -1.058555669939986732e-02
6.472445777013276919e-03 1.017672457119940255e+00 1.852531965246014337e-02
6.717539845359941572e-03 9.868021299075871999e-01 -1.230701260167380191e-02
6.962633913706606226e-03 1.011205173331280571e+00 1.218594377320227247e-02
7.207727982053270879e-03 9.855056754110439465e-01 -1.346994691037684683e-02
7.452822050399934665e-03 9.912531241090400957e-01 -7.645200811878241284e-03
7.697916118746599319e-03 1.005189552629907057e+00 6.381467143410124096e-03
7.943010187093263105e-03 9.990127268071316013e-01 2.740185232070565689e-04
8.188104255439927759e-03 9.984272638924033272e-01 -2.331176101899415951e-04
8.433198323786592412e-03 1.021275194556258148e+00 2.272880933162731154e-02
8.678292392133257066e-03 9.930573157448193689e-01 -5.445797251548743258e-03
8.923386460479921720e-03 1.004291203769886121e+00 5.891829365477714402e-03
9.168480528826586373e-03 1.003669697667463723e+00 5.358509017329296867e-03
9.413574597173249292e-03 1.005872244854087771e+00 7.656565201998829714e-03
9.658668665519913946e-03 1.000440018451820290e+00 2.308428220698408723e-03
9.903762733866578599e-03 1.004125573083374245e+00 6.097365120049686761e-03
1.014885680221324325e-02 9.852920682476484782e-01 -1.267605021248245298e-02
1.039395087055990791e-02 1.018656481965639848e+00 2.085999281532802466e-02
1.063904493890657256e-02 1.017333941153792942e+00 1.963974509370571692e-02
1.088413900725323721e-02 9.967857252002784163e-01 -8.495999288241880623e-04
1.112923307559990187e-02 9.990584662527055571e-01 1.536637097427351112e-03
1.137432714394656652e-02 9.911364505953080828e-01 -6.295380202123885931e-03
1.161942121229323117e-02 1.007000198327267393e+00 9.723317814531964864e-03
1.186451528063989583e-02 1.008674277504139294e+00 1.151840463146797978e-02
1.210960934898655875e-02 9.922934708434480999e-01 -4.791594086509173671e-03
1.235470341733322340e-02 9.879390340343371379e-01 -9.039941584749978595e-03
1.259979748567988805e-02 1.009576373022137652e+00 1.278749813159989895e-02
1.284489155402655271e-02 1.006748756620742702e+00 1.007692218205132051e-02
1.308998562237321736e-02 9.943515514964686997e-01 -2.234367747411580233e-03
1.333507969071988201e-02 9.804193929920165251e-01 -1.608685783902216726e-02
1.358017375906654667e-02 9.804431958761089527e-01 -1.593307822143721214e-02
1.382526782741321132e-02 9.957224982632100208e-01 -4.629643081310113283e-04
1.407036189575987598e-02 1.003353397570758920e+00 7.334979664016455687e-03
1.431545596410654063e-02 9.788273181137374657e-01 -1.715159938657981331e-02
1.456055003245320355e-02 9.978621266352869501e-01 2.103324282274118308e-03
1.480564410079986820e-02 1.007792718194620907e+00 1.222191196387850849e-02
1.505073816914653285e-02 9.986105581820864385e-01 3.146292593701228556e-03
1.529583223749319751e-02 9.877087959351532609e-01 -7.657283510910450203e-03
1.554092630583986216e-02 9.928053701261903008e-01 -2.385909695137743668e-03
1.578602037418652682e-02 9.959522724654663595e-01 9.300347231371784403e-04
1.603111444253318973e-02 9.919224518973404070e-01 -2.964324934084178013e-03
1.627620851087985612e-02 9.886948512925193278e-01 -6.051049978211511977e-03
1.652130257922651904e-02 9.917628560660195491e-01 -2.806312520377428690e-03
1.676639664757318543e-02 9.853818477481897098e-01 -9.060453973992039362e-03
1.701149071591984835e-02 9.885169615693587541e-01 -5.742912648377307763e-03
1.725658478426651474e-02 9.869752004474089402e-01 -7.126719515927806663e-03
1.750167885261317766e-02 9.838024789317459939e-01 -1.014961801206279782e-02
1.774677292095984404e-02 9.970720688613331495e-01 3.375052373020478568e-03
1.799186698930650696e-02 1.006606488807788802e+00 1.314738049156514293e-02
1.823696105765317335e-02 9.805751014904389162e-01 -1.287770634076051100e-02
1.848205512599983627e-02 1.004238386784957804e+00 1.112573004879248428e-02
1.872714919434649919e-02 9.819630049083638568e-01 -1.112189382660317902e-02
1.897224326269316558e-02 9.947768287656466590e-01 1.967499188604714035e-03
1.921733733103982850e-02 9.983897336744322892e-01 5.794984144324080017e-03
1.946243139938649488e-02 9.627492379940243428e-01 -2.992575498531297590e-02
1.970752546773315780e-02 1.010010248576452385e+00 1.789047486057875058e-02
1.995261953607982419e-02 9.840385723500161275e-01 -8.090800975956966706e-03
2.019771360442648711e-02 9.798509027037346497e-01 -1.211733238002349160e-02
2.044280767277315350e-02 9.839454550060913185e-01 -7.791340578835351943e-03
2.068790174111981642e-02 9.820623560210403058e-01 -9.490327845952335750e-03
2.093299580946648281e-02 9.785104045641691561e-01 -1.287120799768868770e-02
2.117808987781314572e-02 1.018902852249210511e+00 2.808947192592094882e-02
2.142318394615980864e-02 9.843043083884726041e-01 -6.613325801419125266e-03
2.166827801450647503e-02 9.922495590821803768e-01 1.617066861126804098e-03
2.191337208285313795e-02 9.871229375135431860e-01 -3.344769279144449783e-03
2.215846615119980434e-02 9.926202330878389768e-01 2.422447620206133294e-03
2.240356021954646726e-02 9.925350032440037884e-01 2.555659481074972015e-03
2.264865428789313365e-02 9.873944634752558347e-01 -2.416176539971716559e-03
2.289374835623979657e-02 9.986890592126810295e-01 9.220584359981473868e-03
2.313884242458646295e-02 9.871231972898625306e-01 -2.241787066850848935e-03
2.338393649293312587e-02 9.869792578117884130e-01 -2.159393987171805574e-03
2.362903056127979226e-02 9.831814380124945796e-01 -5.769548890504660674e-03
2.387412462962645518e-02 9.788294257394304365e-01 -9.939583207035590159e-03
2.411921869797311810e-02 9.867542382735103867e-01 -1.688622059106516422e-03
2.436431276631978449e-02 9.784534977298532388e-01 -9.850895730616555240e-03
2.460940683466644741e-02 9.985055268377716065e-01 1.068383411616677901e-02
2.485450090301311379e-02 9.925651913522497427e-01 4.915102431088157545e-03
2.509959497135977671e-02 9.919103372520892137e-01 4.498480389252321361e-03
2.534468903970644310e-02 1.001417423318993860e+00 1.437747217854836584e-02
2.558978310805310602e-02 1.000290858566111885e+00 1.348980913438344552e-02
2.583487717639977241e-02 9.926224065160523802e-01 5.974202885792485873e-03
2.607997124474643533e-02 1.006772479345624971e+00 2.057479344104126001e-02
2.632506531309309825e-02 9.869758555051089122e-01 7.643207567482154970e-04
2.657015938143976463e-02 1.010234592220724759e+00 2.461415800128601006e-02
2.681525344978642755e-02 9.980273431296949882e-01 1.249861830878511160e-02
2.706034751813309394e-02 9.745742795443688156e-01 -1.103282509333883624e-02
2.730544158647975686e-02 9.930484027972501515e-01 7.983286458440101013e-03
2.755053565482642325e-02 1.001253687727532871e+00 1.658588424019482449e-02
2.779562972317308617e-02 9.917669166602185449e-01 7.227666185996840104e-03
2.804072379151975256e-02 9.699949036245214540e-01 -1.461348378492733670e-02
2.828581785986641547e-02 9.814878651126816012e-01 -2.662196084917342609e-03
2.853091192821308186e-02 9.815602973115375995e-01 -2.310124551818249286e-03
2.877600599655974478e-02 9.756637338963874972e-01 -8.024309432153712424e-03
2.902110006490640770e-02 9.879828798495018383e-01 4.786110040761565668e-03
2.926619413325307409e-02 9.809328797534246913e-01 -2.098022156491752450e-03
2.951128820159973701e-02 9.881961376032556421e-01 5.581286467586770925e-03
2.975638226994640340e-02 9.862391726934236491e-01 3.882236080483938371e-03
3.000147633829306631e-02 9.853183736400963344e-01 3.239548851608205476e-03
3.024657040663973270e-02 9.788646542817135421e-01 -3.036397263023951285e-03
3.049166447498639562e-02 9.802569774973065586e-01 -1.320249557221373762e-03
3.073675854333306201e-02 9.906092359019955662e-01 9.530331230586159066e-03
3.098185261167972493e-02 9.935282123952319244e-01 1.281226568849357962e-02
3.122694668002639132e-02 9.905770777355268342e-01 1.011268232291759502e-02
3.147204074837305771e-02 9.920316689522283848e-01 1.190779202147859532e-02
3.171713481671972062e-02 9.749468407416116422e-01 -5.210377260232992684e-03
3.196222888506638354e-02 9.800850385753083760e-01 3.455127493377945815e-04
3.220732295341305340e-02 9.833357660174079085e-01 3.980126413221330914e-03
3.245241702175971632e-02 9.688776485503430846e-01 -1.046700002006139933e-02
3.269751109010637924e-02 9.813820962789167046e-01 2.625147605471783371e-03
3.294260515845304216e-02 9.777825067868055608e-01 -7.298913311206794681e-04
3.318769922679971202e-02 9.877537143153921617e-01 9.788752151904993315e-03
3.343279329514637493e-02 9.875996217527861498e-01 9.962037669433048900e-03
3.367788736349303785e-02 9.761189421817447753e-01 -1.449101616709155479e-03
3.392298143183970077e-02 9.807979104171664630e-01 3.671016508164822324e-03
3.416807550018636369e-02 9.713280681572702413e-01 -5.686745921480678215e-03
3.441316956853303355e-02 9.701923170961942455e-01 -6.514314406451892324e-03
3.465826363687969647e-02 9.685703623679480234e-01 -7.838190943688736617e-03
3.490335770522635939e-02 9.839430020101422869e-01 8.253812654160589540e-03
3.514845177357302231e-02 1.001084449510074581e+00 2.617233701218842773e-02
3.539354584191969216e-02 9.723768648434247819e-01 -2.908725121102024268e-03
3.563863991026635508e-02 9.773259096244445443e-01 2.516378490234498066e-03
3.588373397861301800e-02 9.762641655757605674e-01 1.779714908447260508e-03
3.612882804695968092e-02 9.755687167999033127e-01 1.420842706235328967e-03
3.637392211530635078e-02 9.892499862958387125e-01 1.582698329911062796e-02
3.661901618365301370e-02 9.758570397228331084e-01 2.434206626525341546e-03
3.686411025199967662e-02 9.489537630169574411e-01 -2.484921858758441793e-02
3.710920432034633953e-02 9.704930758064049812e-01 -2.352174943795352479e-03
3.735429838869300245e-02 9.791222837255063594e-01 6.887403642522087893e-03
3.759939245703967231e-02 9.582100783307878622e-01 -1.425423999409971068e-02
3.784448652538633523e-02 9.572800064469277892e-01 -1.484528933077456335e-02
3.808958059373299815e-02 9.831070861851217701e-01 1.211205923104514103e-02
3.833467466207966107e-02 9.837192565571312164e-01 1.312335171403461453e-02
3.857976873042633092e-02 9.564534815516831934e-01 -1.458438094602335783e-02
3.882486279877299384e-02 9.667411190297422463e-01 -3.605609255815495594e-03
3.906995686711965676e-02 9.668125399467062397e-01 -3.149781563141503416e-03
3.931505093546631968e-02 9.513058484749956634e-01 -1.875962798335274392e-02
3.956014500381298260e-02 9.613173458792434456e-01 -8.047934463201808150e-03
3.980523907215965246e-02 9.704087205975417962e-01 1.724558961397658916e-03
4.005033314050631538e-02 9.669791882402533068e-01 -1.423045560113010179e-03
4.029542720885297830e-02 9.798199889211401947e-01 1.223778865789251075e-02
4.054052127719964121e-02 9.564040266845827976e-01 -1.155947059172311372e-02
4.078561534554631107e-02 9.745919747040880932e-01 7.641244256842582953e-03
4.103070941389297399e-02 9.762631077980804539e-01 9.775890404365904229e-03
4.127580348223963691e-02 9.552885679757923132e-01 -1.151798235127700527e-02
4.152089755058629983e-02 9.861036182591284005e-01 2.078405407633188498e-02
4.176599161893296969e-02 9.522004086764849218e-01 -1.390699090440393297e-02
4.201108568727963261e-02 9.663892320940697944e-01 1.200019496917402060e-03
4.225617975562629552e-02 9.606435571470834933e-01 -4.339330709213102058e-03
4.250127382397295844e-02 9.748879960652059307e-01 1.084640415333280178e-02
4.274636789231962136e-02 9.556383116964749513e-01 -8.696978274385482391e-03
4.299146196066629122e-02 9.782536052495618417e-01 1.519115416481085605e-02
4.323655602901295414e-02 9.721915724377782064e-01 9.329043346932096303e-03
4.348165009735961706e-02 9.555905911853518342e-01 -7.481994549582362750e-03
4.372674416570627998e-02 9.750858417430492420e-01 1.320203001874345819e-02
4.397183823405294983e-02 9.493421485722509656e-01 -1.312148044568302654e-02
4.421693230239961275e-02 9.433281510563900074e-01 -1.894688334384792353e-02
4.446202637074627567e-02 9.729395192362704226e-01 1.229111685553113502e-02
4.470712043909293859e-02 9.619726839352188419e-01 1.320801034658238005e-03
4.495221450743960151e-02 9.613572179732258194e-01 1.122604570666488159e-03
4.519730857578627137e-02 9.451796945595883903e-01 -1.528648373022073285e-02
4.544240264413293429e-02 9.633196787732212218e-01 4.060888741967257076e-03
4.568749671247959721e-02 9.508936456149116312e-01 -8.445185308101992722e-03
4.593259078082626012e-02 9.623297132052921476e-01 3.933403812976671472e-03
4.617768484917292998e-02 9.574180211791932793e-01 -7.367935759361454728e-04
4.642277891751959290e-02 9.741309247942852023e-01 1.717102877340291947e-02
4.666787298586625582e-02 9.556016533966319448e-01 -1.718645858646200347e-03
4.691296705421291874e-02 9.648667868583198359e-01 8.425694886123625063e-03
4.715806112255958860e-02 9.562212785320477471e-01 -1.462216245860665500e-04
4.740315519090625151e-02 9.634014074496933810e-01 7.831599606075750203e-03
4.764824925925291443e-02 9.640408707207205330e-01 8.973619166108112027e-03
4.789334332759957735e-02 9.541616981042021495e-01 -8.951239151017448704e-04
4.813843739594624027e-02 9.421468441878061428e-01 -1.300831032347669197e-02
4.838353146429291013e-02 9.619288652342203871e-01 8.195416787087930061e-03
4.862862553263957305e-02 9.717037320218860907e-01 1.892815025850020857e-02
4.887371960098623597e-02 9.467809160641985633e-01 -6.728032301326177661e-03
4.911881366933289889e-02 9.563341449202633626e-01 3.779690347448949432e-03
4.936390773767956874e-02 9.361112076941024984e-01 -1.696877875460972920e-02
4.960900180602623166e-02 9.655466279157836063e-01 1.443752972188055463e-02
4.985409587437289458e-02 9.642231850585256669e-01 1.354464241074057086e-02
5.009918994271955750e-02 9.471843263148604919e-01 -3.874317767292981707e-03
5.034428401106622042e-02 9.491482866636744564e-01 -1.313702800624482001e-03
5.058937807941289028e-02 9.612261362585420299e-01 1.189872591760284155e-02
5.083447214775955320e-02 9.367790153426137634e-01 -1.334310828000357350e-02
5.107956621610621611e-02 9.549945042913008386e-01 6.348634519694664607e-03
5.132466028445287903e-02 9.330912125497302645e-01 -1.623505006605497139e-02
5.156975435279954889e-02 9.465515670570952000e-01 -1.536372824203591485e-03
5.181484842114621181e-02 9.436260358321129083e-01 -4.113886112321022033e-03
5.205994248949287473e-02 9.379688641443021391e-01 -9.576254921794247893e-03
5.230503655783953765e-02 9.574223169866493688e-01 1.148651284931300615e-02
5.255013062618620057e-02 9.359448229463868119e-01 -1.069138051507620250e-02
5.279522469453287042e-02 9.538406679423623302e-01 8.749766241486472279e-03
5.304031876287953334e-02 9.552021422918370863e-01 1.071807941659794032e-02
5.328541283122619626e-02 9.482139807063320047e-01 3.851112387863505054e-03
5.353050689957285918e-02 9.253882986392553134e-01 -1.979654940247010941e-02
5.377560096791952904e-02 9.411695682796838991e-01 -2.551589490728288674e-03
5.402069503626619196e-02 9.502130715970852348e-01 7.569423776313061181e-03
5.426578910461285488e-02 9.426211465765229613e-01 5.443627905782322094e-05
5.451088317295951780e-02 9.510616628267990480e-01 9.551995545221297554e-03
5.475597724130618765e-02 9.277503467325204367e-01 -1.466078921121066574e-02
5.500107130965285057e-02 9.565901238629208603e-01 1.652070324028242360e-02
5.524616537799951349e-02 9.218627973595535652e-01 -1.984808915358007159e-02
5.549125944634617641e-02 9.493976655708639134e-01 9.980757273241091035e-03
5.573635351469283933e-02 9.417418974421173372e-01 2.387729989561719786e-03
5.598144758303950919e-02 9.286886871630826157e-01 -1.095970337089354797e-02
5.622654165138617210e-02 9.439462466339922919e-01 5.847519207385767220e-03
5.647163571973283502e-02 9.459425621638604120e-01 8.536866734428756251e-03
5.671672978807949794e-02 9.487631209196678572e-01 1.211067560897519622e-02
5.696182385642616780e-02 9.259963981943097888e-01 -1.162038339995058629e-02
5.720691792477283072e-02 9.369634334438099454e-01 6.506239787085853340e-04
5.745201199311949364e-02 9.353711529595342133e-01 -4.829210208831238231e-04
5.769710606146615656e-02 9.256611466543264166e-01 -1.029497486883900609e-02
5.794220012981281948e-02 9.413834561564486947e-01 7.091356942067977495e-03
5.818729419815948933e-02 9.414229267840465987e-01 7.712669646967519610e-03
5.843238826650615225e-02 9.298000883388864990e-01 -4.153853577348627993e-03
5.867748233485281517e-02 9.371835629573114224e-01 4.336202663124437244e-03
5.892257640319947809e-02 9.420130311906014242e-01 1.009967438050661179e-02
5.916767047154614795e-02 9.546847448207437248e-01 2.428601856652332081e-02
5.941276453989281087e-02 9.337074435762282576e-01 2.367783307418448811e-03
5.965785860823947379e-02 9.309329931820519155e-01 -2.119744514337503874e-05
5.990295267658613670e-02 9.200528214172571939e-01 -1.112294017517518815e-02
6.014804674493280656e-02 9.178856590119417458e-01 -1.286540855849116483e-02
6.039314081327946948e-02 9.254635656653723563e-01 -4.121321034893988579e-03
6.063823488162613240e-02 9.257861016394814957e-01 -3.176736390049564145e-03
6.088332894997279532e-02 9.214109055367847301e-01 -7.290145229552989943e-03
6.112842301831945824e-02 9.313235664472858666e-01 3.996345837050242593e-03
6.137351708666612810e-02 9.251844863251715845e-01 -2.016148968092471364e-03
6.161861115501279101e-02 9.359154359896634245e-01 1.017471238101910237e-02
6.186370522335945393e-02 9.222503072880056108e-01 -3.965273617544970083e-03
6.210879929170611685e-02 9.093570560837970218e-01 -1.728636816613321470e-02
6.235389336005278671e-02 9.298472942726011548e-01 5.476947513935156824e-03
6.259898742839944963e-02 9.181294462355253927e-01 -6.578788295988275900e-03
6.284408149674611255e-02 9.250109083507285224e-01 1.489666934100702120e-03
6.308917556509277547e-02 9.178015504455100393e-01 -5.695073330099783594e-03
6.333426963343943839e-02 9.155483307682250604e-01 -7.514100187905992101e-03
6.357936370178610130e-02 9.301305094978002952e-01 8.928306817184381364e-03
6.382445777013276422e-02 9.177793508873103301e-01 -3.839936882902872297e-03
6.406955183847944102e-02 9.246306179997866304e-01 4.233311237261646112e-03
6.431464590682610394e-02 9.297607353966853561e-01 1.044840849393619507e-02
6.455973997517276686e-02 9.163057306833284343e-01 -3.537368298978714118e-03
6.480483404351942978e-02 9.154036687089032176e-01 -3.879182296243477348e-03
6.504992811186609269e-02 9.094161222548490242e-01 -9.756836335035178054e-03
6.529502218021275561e-02 9.235475442294061033e-01 6.281248740710669576e-03
6.554011624855941853e-02 9.136066344775002346e-01 -3.903605019758891667e-03
6.578521031690608145e-02 9.326236087531256658e-01 1.749342947047678731e-02
6.603030438525274437e-02 9.239526315471713325e-01 8.693177046043531683e-03
6.627539845359942117e-02 9.091357151698657990e-01 -6.830560059088711632e-03
6.652049252194608409e-02 9.128289593328389184e-01 -2.138253165519870061e-03
6.676558659029274700e-02 9.323259859745297584e-01 1.984970457717582029e-02
6.701068065863940992e-02 9.219976014695218103e-01 9.221936874321188388e-03
6.725577472698607284e-02 9.190734724481680606e-01 6.692219984726172251e-03
6.750086879533273576e-02 9.152052019912984004e-01 3.126346495526035035e-03
6.774596286367939868e-02 9.137616981908429636e-01 2.217238775099190842e-03
6.799105693202606160e-02 9.200292421603482040e-01 9.772170903380218016e-03
6.823615100037272452e-02 9.125428660756038646e-01 2.233637303596169160e-03
6.848124506871940131e-02 9.075534187951376230e-01 -2.568870950798058782e-03
6.872633913706606423e-02 9.218448167166931606e-01 1.382885271844742220e-02
6.897143320541272715e-02 9.077746128596464459e-01 -9.618874926503531578e-04
6.921652727375939007e-02 9.169706228081133670e-01 9.851996681687775689e-03
6.946162134210605299e-02 8.983306593558737507e-01 -9.993835459548280897e-03
6.970671541045271591e-02 9.117389512369017401e-01 5.478166987381980456e-03
6.995180947879937883e-02 9.029780388284749382e-01 -3.491812755435341840e-03
7.019690354714604175e-02 8.929190307978412955e-01 -1.390581271881117034e-02
7.044199761549271854e-02 8.979392311136531468e-01 -7.668010751948625171e-03
7.068709168383938146e-02 8.904146215253666563e-01 -1.529273154622104273e-02
7.093218575218604438e-02 8.966056607555861202e-01 -7.747407186066329436e-03
7.117727982053270730e-02 9.064592547377692267e-01 3.866701653386030342e-03
7.142237388887937022e-02 8.972877142628117308e-01 -5.585223458477693581e-03
7.166746795722603314e-02 8.924371325991158344e-01 -1.025650290571149086e-02
7.191256202557269606e-02 9.084375055714434266e-01 8.208487991108810028e-03
7.215765609391935897e-02 8.927967819601119182e-01 -8.439381837581461793e-03
7.240275016226602189e-02 8.927352668968246974e-01 -7.794118638274893061e-03
7.264784423061269869e-02 9.108419444590801772e-01 1.306117484173353188e-02
7.289293829895936161e-02 9.004938256783026063e-01 2.277604143752070490e-03
7.313803236730602453e-02 8.799915838114367173e-01 -1.982970779810191986e-02
7.338312643565268745e-02 8.902898305266289114e-01 -7.635424540577622626e-03
7.362822050399935037e-02 9.051385050362434903e-01 9.654528922190680484e-03
7.387331457234601328e-02 8.828606986130208556e-01 -1.447203389016504284e-02
7.411840864069267620e-02 8.991850871935083145e-01 4.490814209608065370e-03
7.436350270903933912e-02 8.914311594255154292e-01 -3.434416196800508213e-03
7.460859677738600204e-02 9.092119099371130941e-01 1.719797216951593835e-02
7.485369084573267884e-02 8.842671305033070750e-01 -9.972535573814021725e-03
7.509878491407934176e-02 8.889432280829562272e-01 -3.993269529345702500e-03
7.534387898242600468e-02 8.799883500418504978e-01 -1.328722093951662658e-02
7.558897305077266759e-02 8.781653214268307917e-01 -1.459039186003264696e-02
7.583406711911933051e-02 8.900836692133915484e-01 -4.624390543103195695e-04
7.607916118746599343e-02 8.958181328955628908e-01 6.739267764612270374e-03
7.632425525581265635e-02 8.844567087816751494e-01 -5.273446698618265878e-03
7.656934932415931927e-02 8.966906864119928988e-01 9.254881852444425336e-03
7.681444339250598219e-02 8.982973343217813822e-01 1.183681842545267551e-02
7.705953746085265899e-02 8.851178248751968569e-01 -2.243144369229536136e-03
7.730463152919932190e-02 8.778851211476080829e-01 -9.634079373980896852e-03
7.754972559754598482e-02 8.887261231199519163e-01 3.370688475312732905e-03
7.779481966589264774e-02 8.843585171462807759e-01 -7.862738190807342124e-04
7.803991373423931066e-02 8.889425313355592273e-01 5.174306132574523452e-03
7.828500780258597358e-02 8.794143388910318215e-01 -4.823753844863467449e-03
7.853010187093263650e-02 8.734916314028338125e-01 -1.075224425128683096e-02
7.877519593927929942e-02 8.740809476486475216e-01 -9.307336458032673676e-03
7.902029000762596234e-02 8.791574325411597446e-01 -2.768440201351021410e-03
7.926538407597263913e-02 8.812115164998172157e-01 3.516621814560350751e-04
7.951047814431930205e-02 8.870024394084883301e-01 7.724046775220717517e-03
7.975557221266596497e-02 8.873903469651168718e-01 8.966820353590919043e-03
8.000066628101262789e-02 8.774811687075979583e-01 -1.503677385324713248e-03
8.024576034935929081e-02 8.713914976555232617e-01 -7.639277656807510163e-03
8.049085441770595373e-02 8.811888455810300558e-01 4.324199332676576316e-03
8.073594848605261665e-02 8.623851216173561429e-01 -1.631514836910057109e-02
8.098104255439927956e-02 8.888669359752368049e-01 1.471101971380327916e-02
8.122613662274594248e-02 8.738278056113003567e-01 -1.648471198159537701e-03
8.147123069109261928e-02 8.681638130533796405e-01 -7.312817181642250822e-03
8.171632475943928220e-02 8.791239047646960403e-01 6.039512105992505056e-03
8.196141882778594512e-02 8.678659948035228888e-01 -6.030769517228199567e-03
8.220651289613260804e-02 8.826416645749426415e-01 1.172182678051573307e-02
8.245160696447927096e-02 8.635089793315888773e-01 -9.393696411768686846e-03
8.269670103282593387e-02 8.617635895179640571e-01 -1.057925611767839350e-02
8.294179510117259679e-02 8.692146095383679327e-01 -1.197461755680217978e-03
8.318688916951925971e-02 8.677661997008904171e-01 -2.032937361740465125e-03
8.343198323786593651e-02 8.724961763513668922e-01 4.243378432489488573e-03
8.367707730621259943e-02 8.739771037337679127e-01 6.789263272532037111e-03
8.392217137455926235e-02 8.594027284343482842e-01 -9.169347158187998725e-03
8.416726544290592527e-02 8.843373037235463530e-01 2.043640939799370657e-02
8.441235951125258818e-02 8.860351298904488582e-01 2.325846917248825321e-02
8.465745357959925110e-02 8.738337543588968748e-01 1.002178151625629163e-02
8.490254764794591402e-02 8.751680348828823064e-01 1.242298795142285535e-02
8.514764171629257694e-02 8.688955677938111632e-01 6.022912521956896165e-03
8.539273578463923986e-02 8.607663159010443543e-01 -2.537895255539739190e-03
8.563782985298591666e-02 8.697774794832975331e-01 8.767923097950556036e-03
8.588292392133257958e-02 8.612630870350760359e-01 -2.486106039811664245e-04
8.612801798967924249e-02 8.609959495373438187e-01 3.027912734807722164e-04
8.637311205802590541e-02 8.686238047820507013e-01 1.003727894207014949e-02
8.661820612637256833e-02 8.646426389192735096e-01 6.279771755750253141e-03
8.686330019471923125e-02 8.676587527836659985e-01 1.066814819825363456e-02
8.710839426306589417e-02 8.464566714810981551e-01 -1.316849401958223274e-02
8.735348833141255709e-02 8.426320099629547311e-01 -1.676803223512501537e-02
8.759858239975922001e-02 8.659271603181456500e-01 1.130063001402682211e-02
8.784367646810589680e-02 8.561814319568173959e-01 7.986623406123155924e-04
8.808877053645255972e-02 8.626911204555026691e-01 9.297856623992217448e-03
8.833386460479922264e-02 8.670123852368013528e-01 1.525129811560142074e-02
8.857895867314588556e-02 8.658681239376292416e-01 1.481143089609186086e-02
8.882405274149254848e-02 8.450507810621424865e-01 -8.705102328085212796e-03
8.906914680983921140e-02 8.629241265067835176e-01 1.316518534144764038e-02
8.931424087818587432e-02 8.506935434691732523e-01 -3.004765473590215391e-04
8.955933494653253724e-02 8.540097431884482448e-01 4.497812419756795632e-03
8.980442901487920015e-02 8.564997642031202396e-01 8.333877638142559580e-03
9.004952308322587695e-02 8.561706708137303279e-01 8.856784191555128888e-03
9.029461715157253987e-02 8.394613268037465215e-01 -9.936504886589541882e-03
9.053971121991920279e-02 8.517095949346542572e-01 5.421568228284346161e-03
9.078480528826586571e-02 8.373041909025119578e-01 -1.068328363282695578e-02
9.102989935661252863e-02 8.445732562524038700e-01 -1.182933506296330109e-03
9.127499342495919155e-02 8.451509157987630028e-01 4.158524614223098955e-04
9.152008749330585446e-02 8.415549702623370543e-01 -2.925567492654200432e-03
9.176518156165251738e-02 8.473147082198267954e-01 4.823426161922487153e-03
9.201027562999918030e-02 8.392613280224352490e-01 -3.807523196747927136e-03
9.225536969834585710e-02 8.410268212541427424e-01 -7.870461419362602840e-04
9.250046376669252002e-02 8.202067227581616438e-01 -2.461780710526528804e-02
9.274555783503918294e-02 8.399578798956960357e-01 -1.993370089739140657e-04
9.299065190338584586e-02 8.402601781139519277e-01 1.094863172781529925e-03
9.323574597173250877e-02 8.319951875620048565e-01 -7.823512574258150928e-03
9.348084004007917169e-02 8.153839937555001915e-01 -2.671934653026892745e-02
9.372593410842583461e-02 8.346333637594843813e-01 -2.803904482444383780e-03
9.397102817677249753e-02 8.390314047767510885e-01 3.397677788788078246e-03
9.421612224511917433e-02 8.451341821663229670e-01 1.165333413833255678e-02
9.446121631346583725e-02 8.397218507754573569e-01 6.129325105796834539e-03
9.470631038181250017e-02 8.168099615702593130e-01 -2.039089971542001195e-02
9.495140445015916308e-02 8.407513007681388650e-01 9.285176884273500797e-03
9.519649851850582600e-02 8.367384463932756589e-01 5.429822833225389674e-03
9.544159258685248892e-02 8.386426833243907364e-01 8.685605021736203871e-03
9.568668665519915184e-02 8.307310008442292393e-01 1.317882994845422876e-04
9.593178072354581476e-02 8.302915245322042281e-01 5.677543053973481023e-04
9.617687479189247768e-02 8.315504158440063520e-01 3.054888910894733734e-03
9.642196886023915448e-02 8.243661875453807131e-01 -4.645847340063910015e-03
9.666706292858581739e-02 8.309180768017325747e-01 4.241468399051753421e-03
9.691215699693248031e-02 8.152723726055716158e-01 -1.370624419560218139e-02
9.715725106527914323e-02 8.215524442096518998e-01 -5.136268771683802185e-03
9.740234513362580615e-02 8.349759133953993384e-01 1.211098048015638549e-02
9.764743920197246907e-02 8.255472467900891731e-01 1.666477878855718211e-03
9.789253327031913199e-02 8.142466643627107592e-01 -1.107046595032480651e-02
9.813762733866579491e-02 8.191801239447120686e-01 -4.094676750677583681e-03
9.838272140701245783e-02 8.030189596407788510e-01 -2.277431930849477607e-02
9.862781547535913462e-02 8.315375416240018414e-01 1.293713894629149735e-02
9.887290954370579754e-02 8.241687411368154859e-01 4.961607675289081421e-03
9.911800361205246046e-02 8.321105927752604492e-01 1.565969669562560992e-02
9.936309768039912338e-02 8.113004187573278347e-01 -8.748532290164588374e-03
9.960819174874578630e-02 8.117837221778801959e-01 -7.161533037868966084e-03
9.985328581709244922e-02 8.122212220342021061e-01 -5.625812514430645651e-03
1.000983798854391121e-01 8.136412745146649472e-01 -2.881271903318315033e-03
1.003434739537857751e-01 8.148097011534162215e-01 -4.382567184979926423e-04
1.005885680221324380e-01 8.092844815849641327e-01 -6.208401277040098004e-03
1.008336620904791148e-01 8.178301093181271630e-01 5.307722756836093757e-03
1.010787561588257777e-01 8.209594194686368196e-01 1.018419694638430899e-02
1.013238502271724406e-01 7.995514243941245214e-01 -1.515160730273026370e-02
1.015689442955191035e-01 8.139189094968946048e-01 3.573903454158065124e-03
1.018140383638657664e-01 8.118721912577975264e-01 2.079718779731984206e-03
1.020591324322124294e-01 8.070324948925199360e-01 -2.866843380390494272e-03
1.023042265005590923e-01 7.995608951551409493e-01 -1.107727907423309080e-02
1.025493205689057552e-01 8.080439211793861709e-01 4.504772742587534202e-04
1.027944146372524181e-01 8.060873580939118543e-01 -9.350968365930853411e-04
1.030395087055990949e-01 8.105688506158873485e-01 5.665641823667424103e-03
1.032846027739457578e-01 7.990503720890395067e-01 -7.590032619673564226e-03
1.035296968422924208e-01 8.115865318765516090e-01 9.034916258112807644e-03
1.037747909106390837e-01 7.855774506679797931e-01 -2.227679297249911955e-02
1.040198849789857466e-01 8.126318109442439708e-01 1.245897219809362355e-02
1.042649790473324095e-01 7.992098481936387167e-01 -3.213174208103336711e-03
1.045100731156790724e-01 8.039344593935056071e-01 3.739706485437733173e-03
1.047551671840257353e-01 8.072199133550044259e-01 8.910110967760365500e-03
1.050002612523723983e-01 7.987427977388011913e-01 -6.241277027898243113e-04
1.052453553207190751e-01 7.829125670805603399e-01 -1.938706470321588035e-02
1.054904493890657380e-01 7.900936885819243027e-01 -9.335624664240168777e-03
1.057355434574124009e-01 7.987559982421914562e-01 2.598008426163492691e-03
1.059806375257590638e-01 8.019732660812688430e-01 7.716803978683276291e-03
1.062257315941057267e-01 8.072645609612739692e-01 1.545703805889752334e-02
1.064708256624523897e-01 7.888406658536097904e-01 -6.648004316905854749e-03
1.067159197307990526e-01 7.972043253394832663e-01 4.969517558343845669e-03
1.069610137991457155e-01 8.024785427411206262e-01 1.271488011406496886e-02
1.072061078674923923e-01 7.880500305583751919e-01 -4.412975608717168222e-03
1.074512019358390552e-01 8.041639278350547482e-01 1.705129377107719724e-02
1.076962960041857181e-01 8.126989076854611582e-01 2.896814910888684605e-02
1.079413900725323811e-01 7.960415825565863024e-01 8.981386053987801266e-03
1.081864841408790440e-01 7.898228559325688458e-01 2.197693395674538835e-03
1.084315782092257069e-01 7.889925203365137918e-01 2.245344416679393926e-03
1.086766722775723698e-01 7.707936656671843245e-01 -1.979273531428715760e-02
1.089217663459190327e-01 7.856301942883846534e-01 1.789821969132584329e-04
1.091668604142656956e-01 7.796453815805962639e-01 -6.340461947016895819e-03
1.094119544826123724e-01 7.814617987924933340e-01 -2.919218069776742443e-03
1.096570485509590354e-01 7.643018982262708150e-01 -2.372809848223335696e-02
1.099021426193056983e-01 7.706351866639292725e-01 -1.453975992050045296e-02
1.101472366876523612e-01 7.713113971885584563e-01 -1.257162498018057732e-02
1.103923307559990241e-01 7.869578264863769101e-01 8.588607596380807424e-03
1.106374248243456870e-01 7.801710249466238256e-01 1.014399034640565619e-03
1.108825188926923500e-01 7.660543288788252969e-01 -1.599081791164733146e-02
1.111276129610390129e-01 7.794585737558576977e-01 2.357986380633486818e-03
1.113727070293856758e-01 7.788361482902119715e-01 2.691465575792590780e-03
1.116178010977323526e-01 7.800200490205949633e-01 5.355251817229566245e-03
1.118628951660790155e-01 7.745242023834142397e-01 -5.927124324147873668e-04
1.121079892344256784e-01 7.816372696075009063e-01 9.735622422803649062e-03
1.123530833027723413e-01 7.772052627032596250e-01 5.157735543460141570e-03
1.125981773711190043e-01 7.687110163494670356e-01 -4.688946627158771356e-03
1.128432714394656672e-01 7.663083430221813153e-01 -6.660557786136836293e-03
1.130883655078123301e-01 7.607916103249090511e-01 -1.267663563971412402e-02
1.133334595761589930e-01 7.644972757151748954e-01 -6.722986840271593864e-03
1.135785536445056559e-01 7.625992245646034950e-01 -8.043298773372066848e-03
1.138236477128523327e-01 7.760349283925733754e-01 1.060329438632258425e-02
1.140687417811989957e-01 7.595194530452177295e-01 -9.755135917038583807e-03
1.143138358495456586e-01 7.707787688980104468e-01 6.094717695851062898e-03
1.145589299178923215e-01 7.602676463373162496e-01 -6.467139543450244228e-03
1.148040239862389844e-01 7.702168970799206926e-01 7.712261786580216529e-03
1.150491180545856473e-01 7.690459797455946322e-01 7.360125082129303706e-03
1.152942121229323102e-01 7.602045856696491022e-01 -3.050733719827848286e-03
1.155393061912789732e-01 7.573466692589783111e-01 -5.628676075412929365e-03
1.157844002596256361e-01 7.727250072738697240e-01 1.576048401559908274e-02
1.160294943279723129e-01 7.567750121954691656e-01 -4.028798389407781295e-03
1.162745883963189758e-01 7.743584733064320380e-01 2.032112954352601961e-02
1.165196824646656387e-01 7.696713432659416654e-01 1.535087763410997001e-02
1.167647765330123016e-01 7.550906011424424191e-01 -2.697103349939687211e-03
1.170098706013589646e-01 7.524452594045392129e-01 -5.004103197714378920e-03
1.172549646697056275e-01 7.653345986220765340e-01 1.325153320592376005e-02
1.175000587380522904e-01 7.508714649422812970e-01 -4.704028261233584099e-03
1.177451528063989533e-01 7.472904430519261565e-01 -8.259660736068539719e-03
1.179902468747456162e-01 7.484411879634753628e-01 -5.535428108168496085e-03
1.182353409430922930e-01 7.505806464532475131e-01 -1.488050238633079969e-03
1.184804350114389560e-01 7.565213599047750925e-01 7.633389992224063302e-03
1.187255290797856189e-01 7.483976857576928321e-01 -1.977284378831167116e-03
1.189706231481322818e-01 7.385158804569943447e-01 -1.395746948987541119e-02
1.192157172164789447e-01 7.552455343043414926e-01 9.608454395056273065e-03
1.194608112848256076e-01 7.356029139265056749e-01 -1.544848996250728496e-02
1.197059053531722705e-01 7.381926256579954826e-01 -1.077273190579136793e-02
1.199509994215189335e-01 7.470557707017309035e-01 2.332849017815499630e-03
1.201960934898656103e-01 7.410142280236273749e-01 -4.550495339665204704e-03
1.204411875582122732e-01 7.470091278702067905e-01 4.739633369706378399e-03
1.206862816265589361e-01 7.472713206401534469e-01 6.333815434433401163e-03
1.209313756949055990e-01 7.376444144529141766e-01 -5.400755051437762175e-03
1.211764697632522619e-01 7.246240502735765698e-01 -2.174445851379005340e-02
1.214215638315989249e-01 7.354147753920480257e-01 -5.942239943194316254e-03
1.216666578999455878e-01 7.388918793314483979e-01 2.417809938393317429e-06
1.219117519682922507e-01 7.352212564963681585e-01 -3.722571825152888765e-03
1.221568460366389136e-01 7.355874751102591258e-01 -1.978643997226368738e-03
1.224019401049855904e-01 7.360644619909809672e-01 -7.868870430303381120e-05
1.226470341733322533e-01 7.274144089294286575e-01 -1.058717837804479776e-02
1.228921282416789162e-01 7.287586438892059704e-01 -7.509843254244876441e-03
1.231372223100255792e-01 7.403948647147847728e-01 9.610682818448118905e-03
1.233823163783722421e-01 7.399269800952449350e-01 1.024951124166710234e-02
1.236274104467189050e-01 7.253290934743412688e-01 -8.425553096964341626e-03
1.238725045150655679e-01 7.459755628563773389e-01 2.109575348019800470e-02
1.241175985834122308e-01 7.415879323323921746e-01 1.638292877840992826e-02
1.243626926517588938e-01 7.305389893865398276e-01 2.517921584387952313e-03
1.246077867201055706e-01 7.161528798686696007e-01 -1.596685847385786658e-02
1.248528807884522335e-01 7.056192054115302259e-01 -2.919766344357999435e-02
1.250979748567988825e-01 7.343835684563728705e-01 1.167498023528124908e-02
1.253430689251455454e-01 7.369929626167114334e-01 1.657690574556575439e-02
1.255881629934922084e-01 7.181124225523597415e-01 -8.187950187163199264e-03
1.258332570618388713e-01 7.225256209295438659e-01 -8.022716615322386191e-04
1.260783511301855342e-01 7.252388743982716157e-01 4.249699432802732033e-03
1.263234451985321971e-01 7.201169363132531309e-01 -1.547717922822519892e-03
1.265685392668788600e-01 7.179543449726709659e-01 -3.250616577624609177e-03
1.268136333352255229e-01 7.256000367572696952e-01 8.677906035528005005e-03
1.270587274035721859e-01 7.128649743505823810e-01 -7.730231035389842700e-03
1.273038214719188488e-01 7.136473510087218974e-01 -5.340076396291176114e-03
1.275489155402655117e-01 7.125274192704349474e-01 -5.597449081842473771e-03
1.277940096086122024e-01 7.235229637444855477e-01 1.107614339901950677e-02
1.280391036769588653e-01 7.187975927717066282e-01 5.796829422315317136e-03
1.282841977453055282e-01 7.169456271005462122e-01 4.530629018370869489e-03
1.285292918136521911e-01 7.192272782138081633e-01 9.061507361950162445e-03
1.287743858819988541e-01 7.028642072343452840e-01 -1.258742429797695545e-02
1.290194799503455170e-01 7.154061875749172517e-01 6.368114198269290982e-03
1.292645740186921799e-01 7.022120133010554266e-01 -1.087633193319965941e-02
1.295096680870388428e-01 7.097931595163572416e-01 1.137029676611202300e-03
1.297547621553855057e-01 7.052060566904695404e-01 -4.002288811455904753e-03
1.299998562237321686e-01 7.071399764402517274e-01 6.793562024494766627e-05
1.302449502920788316e-01 7.236960650931218986e-01 2.485717790315224857e-02
1.304900443604254945e-01 7.060928960429019297e-01 1.274641703802790538e-03
1.307351384287721574e-01 6.982995583466257150e-01 -8.440911720214940364e-03
1.309802324971188203e-01 7.052286262839493336e-01 2.751776123082476117e-03
1.312253265654654832e-01 7.081531153576179349e-01 8.274007282664407395e-03
1.314704206338121462e-01 6.999368423006555595e-01 -2.071630193684403237e-03
1.317155147021588091e-01 6.986315787462743510e-01 -2.577727075896869662e-03
1.319606087705054720e-01 6.888581002779837759e-01 -1.519062302251751075e-02
1.322057028388521627e-01 6.950252024619504310e-01 -5.016826816146687830e-03
1.324507969071988256e-01 7.016506933505932686e-01 5.842871769157051767e-03
1.326958909755454885e-01 7.055255564749742803e-01 1.278476054516217500e-02
1.329409850438921514e-01 6.944119249963470741e-01 -1.798940247252077060e-03
1.331860791122388143e-01 6.899815302047754839e-01 -6.801636494330167738e-03
1.334311731805854773e-01 6.968986231687954724e-01 4.539539711018866601e-03
1.336762672489321402e-01 6.852734807984213194e-01 -1.085153656521574937e-02
1.339213613172788031e-01 6.804305842170763619e-01 -1.648104403321747069e-02
1.341664553856254660e-01 7.010912833228526431e-01 1.478971672096868889e-02
1.344115494539721289e-01 6.811182575026201169e-01 -1.274845416122557910e-02
1.346566435223187919e-01 6.977841400212932976e-01 1.281805572810647623e-02
1.349017375906654548e-01 6.804669263694610448e-01 -1.093773440479152599e-02
1.351468316590121177e-01 6.824409809768940960e-01 -6.679925870530064452e-03
1.353919257273587806e-01 6.951033806069020216e-01 1.316982895997515814e-02
1.356370197957054435e-01 6.944053215744201424e-01 1.357491872076356867e-02
1.358821138640521065e-01 6.845054152781373524e-01 5.318170005673187282e-04
1.361272079323987694e-01 6.769498193144445342e-01 -9.115745679254777176e-03
1.363723020007454323e-01 6.745515471014471576e-01 -1.123003967385497598e-02
1.366173960690921230e-01 6.891480189098048159e-01 1.159701572079434653e-02
1.368624901374387859e-01 6.731925002854600715e-01 -1.042106994110419960e-02
1.371075842057854488e-01 6.867095763526689378e-01 1.088477454567865661e-02
1.373526782741321117e-01 6.727025120618925769e-01 -8.323046154436112079e-03
1.375977723424787746e-01 6.757849472328852913e-01 -2.356118057583051970e-03
1.378428664108254376e-01 6.681643690573730865e-01 -1.219449774613927742e-02
1.380879604791721005e-01 6.842329822157042774e-01 1.301172672325297611e-02
1.383330545475187634e-01 6.770680054798901004e-01 3.844262990067580203e-03
1.385781486158654263e-01 6.611909153391222205e-01 -1.828426699751531381e-02
1.388232426842120892e-01 6.718508170705165261e-01 -1.017707671280315262e-03
1.390683367525587522e-01 6.749444212145758737e-01 5.032865465842076801e-03
1.393134308209054151e-01 6.657297800107905283e-01 -7.252521304245780100e-03
1.395585248892520780e-01 6.763359296697123435e-01 1.002720064776998869e-02
1.398036189575987409e-01 6.641558533841118717e-01 -6.720062487508186334e-03
1.400487130259454038e-01 6.624678457067668669e-01 -7.801059412539080966e-03
1.402938070942920668e-01 6.658477233226162140e-01 -1.283053970785493804e-03
1.405389011626387297e-01 6.739358536632202856e-01 1.232708151778112715e-02
1.407839952309854203e-01 6.637593367449423631e-01 -1.497905296115650776e-03
1.410290892993320833e-01 6.552468580451925595e-01 -1.285584397863545440e-02
1.412741833676787462e-01 6.613988480541719284e-01 -2.121623103034118128e-03
1.415192774360254091e-01 6.631863940395420487e-01 2.050442299429324627e-03
1.417643715043720720e-01 6.576540494738415399e-01 -4.840880796037897588e-03
1.420094655727187349e-01 6.629054355537189469e-01 4.590147968176429803e-03
1.422545596410653979e-01 6.634982009690696403e-01 6.979537632643251222e-03
1.424996537094120608e-01 6.543916534355409542e-01 -5.365625182696708191e-03
1.427447477777587237e-01 6.600140429926966146e-01 4.673536827924184775e-03
1.429898418461053866e-01 6.501171453257708066e-01 -8.915376262001834320e-03
1.432349359144520495e-01 6.563278804558617674e-01 2.048083872998219743e-03
1.434800299827987125e-01 6.574690918999528400e-01 5.293557220744189371e-03
1.437251240511453754e-01 6.548304436084871893e-01 2.761219113920478172e-03
1.439702181194920383e-01 6.568278801184037619e-01 7.331969585408299774e-03
1.442153121878387012e-01 6.422788335457338960e-01 -1.349729328792278853e-02
1.444604062561853641e-01 6.492135958046192368e-01 -1.341108664267162470e-03
1.447055003245320270e-01 6.450537640824133279e-01 -6.239707164167876928e-03
1.449505943928786900e-01 6.353680563060103426e-01 -1.967850238960030390e-02
1.451956884612253806e-01 6.490313085347688693e-01 2.922758479383482690e-03
1.454407825295720436e-01 6.437257623701941878e-01 -3.762958628794442137e-03
1.456858765979187065e-01 6.490197107655477637e-01 5.960445685301852571e-03
1.459309706662653694e-01 6.401253243949739380e-01 -6.310917896791656649e-03
1.461760647346120323e-01 6.507672060087499322e-01 1.175399731311332040e-02
1.464211588029586952e-01 6.422734679664698909e-01 7.893899787142532373e-05
1.466662528713053582e-01 6.343329202831146096e-01 -1.076869547329959223e-02
1.469113469396520211e-01 6.420078190205168456e-01 2.740348642892187925e-03
1.471564410079986840e-01 6.308310213818247858e-01 -1.319791062179772462e-02
1.474015350763453469e-01 6.328863159769153590e-01 -8.454054342692540053e-03
1.476466291446920098e-01 6.326516191254559773e-01 -7.288267559082183510e-03
1.478917232130386727e-01 6.200098356307056635e-01 -2.561681979060906333e-02
1.481368172813853357e-01 6.432746649709748521e-01 1.251529364276015438e-02
1.483819113497319986e-01 6.381649594171876494e-01 6.035534418094060626e-03
1.486270054180786615e-01 6.444165065993301411e-01 1.747447545572147765e-02
1.488720994864253244e-01 6.436620239665977738e-01 1.787051187235454489e-02
1.491171935547719873e-01 6.352310696792301536e-01 6.109934391388721804e-03
1.493622876231186503e-01 6.323075501538487631e-01 3.049610041778210573e-03
1.496073816914653409e-01 6.344039393317366660e-01 7.955917600416820279e-03
1.498524757598120039e-01 6.287598115484109851e-01 5.604857793713495734e-04
1.500975698281586668e-01 6.208244653647053690e-01 -1.050960188409717257e-02
1.503426638965053297e-01 6.315542850902692296e-01 8.181955762049065647e-03
1.505877579648519926e-01 6.338323075009908436e-01 1.341975252936258509e-02
1.508328520331986555e-01 6.211491444358782088e-01 -5.284399460261622605e-03
1.510779461015453184e-01 6.200779417999054965e-01 -5.422448062619770331e-03
1.513230401698919814e-01 6.238376569372128255e-01 2.200414700874371923e-03
1.515681342382386443e-01 6.246723131501455972e-01 5.141395543906453723e-03
1.518132283065853072e-01 6.194027425732909764e-01 -1.745615427520600142e-03
1.520583223749319701e-01 6.143247097858366423e-01 -8.345062757587364682e-03
1.523034164432786330e-01 6.144973734113760022e-01 -6.475893007446286570e-03
1.525485105116252960e-01 6.136696054222008367e-01 -6.220418567361178999e-03
1.527936045799719589e-01 6.157416329143884370e-01 -1.260224434040330696e-03
1.530386986483186218e-01 6.111447667876751533e-01 -7.118105924569653915e-03
1.532837927166652847e-01 6.140578598562272949e-01 -7.739419467040295096e-04
1.535288867850119476e-01 6.042292983270761697e-01 -1.517628947443568944e-02
1.537739808533586383e-01 6.084608967222266962e-01 -6.671383398544486823e-03
1.540190749217053012e-01 6.305628745367067856e-01 3.108276652216471897e-02
1.542641689900519641e-01 6.138919534778410902e-01 5.456366842373267315e-03
1.545092630583986271e-01 6.379081591041488863e-01 4.649438472993464022e-02
1.547543571267452900e-01 6.004998398100782619e-01 -1.326530022225202131e-02
1.549994511950919529e-01 6.060890093401708478e-01 -2.451599721225116574e-03
1.552445452634386158e-01 6.052638103688426918e-01 -2.176697300463514319e-03
1.554896393317852787e-01 6.013664604834377814e-01 -6.973567025963967915e-03
1.557347334001319417e-01 6.122101049742854073e-01 1.259569644539939963e-02
1.559798274684786046e-01 5.975422476165890284e-01 -1.003581153890139958e-02
1.562249215368252675e-01 6.051714966770143089e-01 4.259445934294731582e-03
1.564700156051719304e-01 6.054335221201817552e-01 6.356429652331784322e-03
1.567151096735185933e-01 6.085001499082131060e-01 1.313020399985098501e-02
1.569602037418652563e-01 6.121994349685350167e-01 2.098184654717144895e-02
1.572052978102119192e-01 5.854297468655434988e-01 -2.203859404594032609e-02
1.574503918785585821e-01 6.073861013137762388e-01 1.633042630786543312e-02
1.576954859469052450e-01 6.023986691927933901e-01 9.667885348018786726e-03
1.579405800152519079e-01 6.035372039643179809e-01 1.326808099279535094e-02
1.581856740835985986e-01 5.993068563739650800e-01 7.851750527838352242e-03
1.584307681519452615e-01 5.903495855649791846e-01 -5.545126047448002173e-03
1.586758622202919244e-01 5.809227182467224804e-01 -1.977921622567747895e-02
1.589209562886385874e-01 5.894775143865955691e-01 -3.668556522052839226e-03
1.591660503569852503e-01 5.908781399828453296e-01 3.843372988156040998e-04
1.594111444253319132e-01 5.826886688974282080e-01 -1.181280560417579534e-02
1.596562384936785761e-01 5.920902724021328556e-01 5.832318546912449754e-03
1.599013325620252390e-01 5.924846173579362274e-01 8.210168943370947658e-03
1.601464266303719020e-01 5.907852015902661513e-01 7.027339436158777132e-03
1.603915206987185649e-01 5.893985246918714838e-01 6.374633870746838557e-03
1.606366147670652278e-01 5.864478352988198306e-01 3.044810976230118236e-03
1.608817088354118907e-01 5.799892428440673875e-01 -6.306325938175260347e-03
1.611268029037585536e-01 5.894607435269111351e-01 1.165036133819423794e-02
1.613718969721052166e-01 5.842279724011197883e-01 4.389576606485481695e-03
1.616169910404518795e-01 5.843761781765948182e-01 6.370694384247731386e-03
1.618620851087985424e-01 5.804360618407846673e-01 1.306012739928609327e-03
1.621071791771452053e-01 5.751454134940157115e-01 -6.109840905936434440e-03
1.623522732454918682e-01 5.860020091319171343e-01 1.440051518983068678e-02
1.625973673138385589e-01 5.810919077350200634e-01 7.641730676834003998e-03
1.628424613821852218e-01 5.640794247636626846e-01 -2.016291156316876026e-02
1.630875554505318847e-01 5.755219203489981838e-01 1.449652158855723556e-03
1.633326495188785477e-01 5.689142864656484555e-01 -8.325687678092752106e-03
1.635777435872252106e-01 5.709418194352263720e-01 -3.056855075599791000e-03
1.638228376555718735e-01 5.632431977529815947e-01 -1.478243575678308067e-02
1.640679317239185364e-01 5.662839184910231083e-01 -7.731021847012966956e-03
1.643130257922651993e-01 5.629430336321639139e-01 -1.185660400294473449e-02
1.645581198606118623e-01 5.791053444509687287e-01 1.829773587245018748e-02
1.648032139289585252e-01 5.718273513992516710e-01 7.268277089570577588e-03
1.650483079973051881e-01 5.677527213826333297e-01 1.852599780259202647e-03
1.652934020656518510e-01 5.684618476719837110e-01 4.874087753997274376e-03
1.655384961339985139e-01 5.706733425083344580e-01 1.056669154185813086e-02
1.657835902023451768e-01 5.655674051210020092e-01 3.298548115151698178e-03
1.660286842706918398e-01 5.622645769063568943e-01 -7.910769452712310135e-04
1.662737783390385027e-01 5.684746220592615806e-01 1.204024276377174164e-02
1.665188724073851656e-01 5.604958196982169349e-01 -3.877915729240647043e-04
1.667639664757318563e-01 5.620312449411977163e-01 4.138134730258493342e-03
1.670090605440785192e-01 5.534730350260418374e-01 -9.385569073583769142e-03
1.672541546124251821e-01 5.578008893133420409e-01 1.472017961962286464e-04
1.674992486807718450e-01 5.509602211133526328e-01 -1.034718978148679337e-02
1.677443427491185080e-01 5.524840332931476583e-01 -5.827824539518328996e-03
1.679894368174651709e-01 5.567787397726930987e-01 3.702788372514144791e-03
1.682345308858118338e-01 5.406277178844012266e-01 -2.365620525962095627e-02
1.684796249541584967e-01 5.522195305832710011e-01 -9.216174878387178903e-04
1.687247190225051596e-01 5.562745010298227877e-01 8.234729512504281729e-03
1.689698130908518225e-01 5.456476992061976006e-01 -9.234458895787242202e-03
1.692149071591984855e-01 5.537296381750087537e-01 7.265050193799008418e-03
1.694600012275451484e-01 5.541416970773194173e-01 9.847101382824139174e-03
1.697050952958918113e-01 5.577529891992245581e-01 1.827918069136156426e-02
1.699501893642384742e-01 5.393859898433247535e-01 -1.345669433877435921e-02
1.701952834325851371e-01 5.352822428672612265e-01 -1.917340481686075071e-02
1.704403775009318001e-01 5.577580912773985045e-01 2.388116006086098836e-02
1.706854715692784630e-01 5.444472353371176965e-01 1.279023784609994389e-03
1.709305656376251259e-01 5.382478370953706071e-01 -8.303827687009506311e-03
1.711756597059718166e-01 5.369145399887211845e-01 -8.940095337319861613e-03
1.714207537743184795e-01 5.476977862696902344e-01 1.282753673899173635e-02
1.716658478426651424e-01 5.404577189230356238e-01 1.284261713742938316e-03
1.719109419110118053e-01 5.401057615369695419e-01 2.482975384633660104e-03
1.721560359793584682e-01 5.414259583441557444e-01 6.795300017164830099e-03
1.724011300477051312e-01 5.377984660248003035e-01 1.905949371590994401e-03
1.726462241160517941e-01 5.329006758953264145e-01 -5.372779826617397197e-03
1.728913181843984570e-01 5.370152315697483969e-01 4.173439277169343174e-03
1.731364122527451199e-01 5.337290236402111310e-01 -1.096262593141513120e-04
1.733815063210917828e-01 5.207638446504021523e-01 -2.257550333432286477e-02
1.736266003894384458e-01 5.423042331188316911e-01 1.975913335745829030e-02
1.738716944577851087e-01 5.303170189750910923e-01 -9.119211217858959285e-04
1.741167885261317716e-01 5.314863292432725483e-01 3.171771915402773426e-03
1.743618825944784345e-01 5.359340878357097271e-01 1.347016804568658757e-02
1.746069766628250974e-01 5.294818164239372127e-01 3.155859888272785196e-03
1.748520707311717604e-01 5.182352156888535566e-01 -1.629822535767160366e-02
1.750971647995184233e-01 5.218507439783853785e-01 -7.561955249234936054e-03
1.753422588678650862e-01 5.169019245104745641e-01 -1.511118250676054750e-02
1.755873529362117769e-01 5.286009090396984744e-01 9.090970518109600662e-03
1.758324470045584398e-01 5.245304667272513433e-01 3.223943418945161930e-03
1.760775410729051027e-01 5.309155588689140615e-01 1.736965090768367512e-02
1.763226351412517656e-01 5.302316879930282223e-01 1.799714554224138632e-02
1.765677292095984285e-01 5.196833458540847106e-01 -3.484598145318880836e-04
1.768128232779450915e-01 5.175442885943286608e-01 -2.557836654063630043e-03
1.770579173462917544e-01 5.160244878689892456e-01 -3.580356183241305626e-03
1.773030114146384173e-01 5.239785118523743179e-01 1.372141140530529213e-02
1.775481054829850802e-01 5.142924094366442267e-01 -3.104036319995734025e-03
1.777931995513317431e-01 5.153093257170509034e-01 7.917451864310076247e-04
1.780382936196784061e-01 5.073026345683788740e-01 -1.285663786690123545e-02
1.782833876880250690e-01 5.160745954673856550e-01 6.153873097680496312e-03
1.785284817563717319e-01 5.062837235649363388e-01 -1.102318264594358277e-02
1.787735758247183948e-01 5.057586218082228413e-01 -1.013247088787968056e-02
1.790186698930650577e-01 5.049005683145120216e-01 -9.891713462440710619e-03
1.792637639614117206e-01 5.076432764230184302e-01 -2.575702864751441487e-03
1.795088580297583836e-01 5.030195111229729399e-01 -9.733647399067117678e-03
1.797539520981050742e-01 5.033808374668967689e-01 -7.087044822856005365e-03
1.799990461664517372e-01 5.092074522062398634e-01 6.370681617741855499e-03
1.802441402347984001e-01 5.054926644825672444e-01 9.865260650963542446e-04
1.804892343031450630e-01 4.889227581339136708e-01 -2.992525325220832602e-02
1.807343283714917259e-01 5.029853643376708261e-01 -6.149802043748141885e-05
1.809794224398383888e-01 5.014397110745031361e-01 -1.171122965973136901e-03
1.812245165081850518e-01 5.056434171056254367e-01 9.189149737059009934e-03
1.814696105765317147e-01 5.020944345687696764e-01 4.085974970436371048e-03
1.817147046448783776e-01 4.996547887777217367e-01 1.184819502958786097e-03
1.819597987132250405e-01 5.078410615919982662e-01 1.960546499521946540e-02
1.822048927815717034e-01 5.014900847307330878e-01 8.853871405331718847e-03
1.824499868499183663e-01 4.990869631573857101e-01 6.016598765568417426e-03
1.826950809182650293e-01 4.917819316838144550e-01 -6.733172675973537503e-03
1.829401749866116922e-01 4.882414214363952620e-01 -1.191600854414571337e-02
1.831852690549583551e-01 4.881011431644405318e-01 -1.022521968645914887e-02
1.834303631233050180e-01 5.057059529949565757e-01 2.752732921533128374e-02
1.836754571916516809e-01 4.976354468995546898e-01 1.315716770722776333e-02
1.839205512599983439e-01 4.911622830378669091e-01 1.987175317377428037e-03
1.841656453283450345e-01 4.916526076490457808e-01 5.005837648008948544e-03
1.844107393966916975e-01 4.883383487753905627e-01 2.431755829404885121e-04
1.846558334650383604e-01 4.782868355520049075e-01 -1.836695494291591332e-02
1.849009275333850233e-01 4.865542782770299612e-01 6.206511324851891106e-04
1.851460216017316862e-01 4.795394253831299358e-01 -1.180794513559102477e-02
1.853911156700783491e-01 4.777397543314166883e-01 -1.351895411002110130e-02
1.856362097384250121e-01 4.838261872166497168e-01 1.079367563321262597e-03
1.858813038067716750e-01 4.730282913744118800e-01 -1.926994231687092357e-02
1.861263978751183379e-01 4.773824479246465691e-01 -8.224211687035624940e-03
1.863714919434650008e-01 4.772856084105278063e-01 -6.400107667265026584e-03
1.866165860118116637e-01 4.828382238600739118e-01 7.215591393906836334e-03
1.868616800801583266e-01 4.834299487989397459e-01 1.051649520475850946e-02
1.871067741485049896e-01 4.765912648877829172e-01 -1.733600067292574362e-03
1.873518682168516525e-01 4.716807281368482485e-01 -9.987928255067552233e-03
1.875969622851983154e-01 4.704549176314710146e-01 -1.052729901360032784e-02
1.878420563535449783e-01 4.736256859127578323e-01 -1.803683300656185214e-03
1.880871504218916412e-01 4.783503733364389832e-01 1.023686225904855106e-02
1.883322444902383319e-01 4.739522961919583333e-01 3.019952443268940443e-03
1.885773385585849948e-01 4.650678854622028457e-01 -1.374184371974580300e-02
1.888224326269316578e-01 4.706593587231553411e-01 1.882377547840489627e-04
1.890675266952783207e-01 4.709771912401703453e-01 2.945143133099386440e-03
1.893126207636249836e-01 4.686076294501418937e-01 -2.211947602823229414e-05
1.895577148319716465e-01 4.665982540156809466e-01 -2.232490996521739428e-03
1.898028089003183094e-01 4.644164808688518997e-01 -4.822477095873920275e-03
1.900479029686649723e-01 4.610673519757700900e-01 -9.930978725899481177e-03
1.902929970370116353e-01 4.641458444063132349e-01 -1.230634592431289120e-03
1.905380911053582982e-01 4.664203485751156064e-01 5.771588185750292990e-03
1.907831851737049611e-01 4.663361696006840251e-01 7.705399819776153139e-03
1.910282792420516240e-01 4.613924903166398139e-01 -8.766667808691315207e-04
1.912733733103982869e-01 4.618893452413314615e-01 2.310097394474958012e-03
1.915184673787449499e-01 4.506366677319578185e-01 -2.004133491399148759e-02
1.917635614470916128e-01 4.563721720960168815e-01 -5.467582102198079337e-03
1.920086555154382757e-01 4.522876279759526219e-01 -1.227841064150993547e-02
1.922537495837849386e-01 4.536512430561826514e-01 -7.196075035143648969e-03
1.924988436521316015e-01 4.554330892852385126e-01 -1.175936551480186859e-03
1.927439377204782922e-01 4.476493384453020807e-01 -1.615452176046324601e-02
1.929890317888249551e-01 4.569068241706829570e-01 6.335097370346071122e-03
1.932341258571716180e-01 4.540728383960921932e-01 2.231448027680175018e-03
1.934792199255182810e-01 4.583756621330409842e-01 1.389522777656690064e-02
1.937243139938649439e-01 4.538034665107933407e-01 5.934877655266104259e-03
1.939694080622116068e-01 4.435015018393712594e-01 -1.478915487920809922e-02
1.942145021305582697e-01 4.509920402817627627e-01 4.006449720672202071e-03
1.944595961989049326e-01 4.422933365586261267e-01 -1.323652553769848542e-02
1.947046902672515956e-01 4.518789497379833708e-01 1.032553841259802561e-02
1.949497843355982585e-01 4.461194891942514285e-01 -3.948672672688582214e-04
1.951948784039449214e-01 4.383709979116775513e-01 -1.562932482856038349e-02
1.954399724722915843e-01 4.444500341209726146e-01 1.862556558722947594e-04
1.956850665406382472e-01 4.395490597653979314e-01 -8.693638264302637128e-03
1.959301606089849102e-01 4.392540721076764743e-01 -7.203014585734495399e-03
1.961752546773315731e-01 4.459994535227176926e-01 1.024012351522032155e-02
1.964203487456782360e-01 4.383905634757251923e-01 -4.826881134031649374e-03
1.966654428140248989e-01 4.410921804053338779e-01 3.495597814071289573e-03
1.969105368823715618e-01 4.330547567373685958e-01 -1.263183073957238438e-02
1.971556309507182525e-01 4.417274315620056124e-01 9.351422587031213429e-03
1.974007250190649154e-01 4.426882535055447487e-01 1.376962366023793023e-02
1.976458190874115783e-01 4.376810998231321359e-01 4.509023749103620304e-03
1.978909131557582413e-01 4.459792081025076294e-01 2.581008489571479450e-02
1.981360072241049042e-01 4.410049314576317547e-01 1.660825524215973209e-02
1.983811012924515671e-01 4.307665095970932279e-01 -4.797442010039492527e-03
1.986261953607982300e-01 4.345976306046954174e-01 6.277604116055070065e-03
1.988712894291448929e-01 4.371729606616756025e-01 1.448628919749679958e-02
1.991163834974915559e-01 4.279931744651692682e-01 -4.609008522054132938e-03
1.993614775658382188e-01 4.256844550197060872e-01 -7.774996048940671124e-03
1.996065716341848817e-01 4.278758055667553073e-01 -4.439327325190428370e-04
1.998516657025315446e-01 4.287088701586290185e-01 3.738299328867424227e-03
2.000967597708782075e-01 4.223497237540211890e-01 -8.939010437919746310e-03
2.003418538392248704e-01 4.236218082554627506e-01 -3.727451833436140095e-03
2.005869479075715334e-01 4.206485518519904043e-01 -8.500529414109947446e-03
2.008320419759181963e-01 4.253913983100780505e-01 4.931770339363770843e-03
2.010771360442648592e-01 4.272420506664894591e-01 1.157525810664974432e-02
2.013222301126115499e-01 4.106929265196081480e-01 -2.541590728247784467e-02
2.015673241809582128e-01 4.224936563386212929e-01 4.851142485245485414e-03
2.018124182493048757e-01 4.200369968466948212e-01 1.267412647029766233e-03
2.020575123176515386e-01 4.130832790710384228e-01 -1.307827329586225794e-02
2.023026063859982016e-01 4.187503283107977814e-01 2.730838121052731396e-03
2.025477004543448645e-01 4.268226905482588873e-01 2.438306120238415559e-02
2.027927945226915274e-01 4.138396105014482962e-01 -4.516220803223568864e-03
2.030378885910381903e-01 4.080390346504369492e-01 -1.623209553805461322e-02
2.032829826593848532e-01 4.161041944492948064e-01 5.503080702632932343e-03
2.035280767277315161e-01 4.145282694469720197e-01 3.985423999313206060e-03
2.037731707960781791e-01 4.104978203964066985e-01 -3.499266348122616246e-03
2.040182648644248420e-01 4.153220456297433971e-01 1.052447542989315941e-02
2.042633589327715049e-01 4.158031869616730103e-01 1.401954319389806317e-02
2.045084530011181678e-01 4.123482791563660710e-01 7.908094345351779353e-03
2.047535470694648307e-01 4.023799961520199697e-01 -1.419063122911967158e-02
2.049986411378114937e-01 4.053702709975386398e-01 -4.572014495154617941e-03
2.052437352061581566e-01 4.026513408308906583e-01 -8.962532342363943236e-03
2.054888292745048195e-01 4.031576440996533783e-01 -5.418494146291249342e-03
2.057339233428515102e-01 4.045154377657111389e-01 2.457674215296210842e-04
2.059790174111981731e-01 4.029551520396565945e-01 -1.297671139233678430e-03
2.062241114795448360e-01 3.956127240862009620e-01 -1.721409885385860247e-02
2.064692055478914989e-01 3.974124186050486673e-01 -1.044256281346107873e-02
2.067142996162381618e-01 4.053313744982473543e-01 1.163138287318054263e-02
2.069593936845848248e-01 3.982242500642570460e-01 -3.783183624403481035e-03
2.072044877529314877e-01 4.048708537698040844e-01 1.521579973204029330e-02
2.074495818212781506e-01 3.922512253990075859e-01 -1.412137535838395470e-02
2.076946758896248135e-01 3.933173924193698046e-01 -9.119733456556495393e-03
2.079397699579714764e-01 3.977399399913978950e-01 4.379223560913091812e-03
2.081848640263181394e-01 3.902852184297178062e-01 -1.212337017461648757e-02
2.084299580946648023e-01 3.944246288978359161e-01 7.102102100879246691e-04
2.086750521630114652e-01 3.925042402372766470e-01 -1.808281475446693858e-03
2.089201462313581281e-01 3.859045090538504863e-01 -1.626895750447759567e-02
2.091652402997047910e-01 3.930580407693790579e-01 4.342249898129719315e-03
2.094103343680514540e-01 3.868763192309888077e-01 -9.105695034445556238e-03
2.096554284363981169e-01 3.913596294437288181e-01 4.761444412690756661e-03
2.099005225047447798e-01 3.870297315438516184e-01 -3.987852162638401074e-03
2.101456165730914705e-01 3.842076086997013307e-01 -8.891374594688604416e-03
2.103907106414381334e-01 3.878207958925482535e-01 2.820022059798212976e-03
2.106358047097847963e-01 3.856585720965003405e-01 -3.841741138821153654e-04
2.108808987781314592e-01 3.842825948611723330e-01 -1.562912642911451142e-03
2.111259928464781221e-01 3.833376767791343842e-01 -1.626651900944400255e-03
2.113710869148247851e-01 3.809115760218600988e-01 -5.559611912809888333e-03
2.116161809831714480e-01 3.837862769934054508e-01 4.358515416097007850e-03
2.118612750515181109e-01 3.782535116054563384e-01 -7.732729268497926835e-03
2.121063691198647738e-01 3.749466687467979398e-01 -1.403112450671924888e-02
2.123514631882114367e-01 3.767324353711951623e-01 -6.937999952252044827e-03
2.125965572565580997e-01 3.741641954730256514e-01 -1.131747017495920299e-02
2.128416513249047626e-01 3.738522122951108972e-01 -9.743933270049571008e-03
2.130867453932514255e-01 3.736175014034385233e-01 -7.959656167246044120e-03
2.133318394615980884e-01 3.706168477063840339e-01 -1.353089015817100088e-02
2.135769335299447513e-01 3.693306869743466225e-01 -1.455683210596386140e-02
2.138220275982914143e-01 3.767650112838979437e-01 7.734805685449756829e-03
2.140671216666380772e-01 3.750743740495948719e-01 5.667099960609456658e-03
2.143122157349847678e-01 3.733836474095673097e-01 3.586824715565323316e-03
2.145573098033314308e-01 3.720187715704256215e-01 2.372109771643568336e-03
2.148024038716780937e-01 3.654538243173826029e-01 -1.289636776134801474e-02
2.150474979400247566e-01 3.749588664714449959e-01 1.527021264283159700e-02
2.152925920083714195e-01 3.665464024759393924e-01 -5.061087104200501230e-03
2.155376860767180824e-01 3.741959597345725919e-01 1.821068648018726865e-02
2.157827801450647454e-01 3.740915768924880647e-01 2.044417910317073567e-02
2.160278742134114083e-01 3.656584434743623269e-01 -8.896220386765178408e-05
2.162729682817580712e-01 3.716044081693640755e-01 1.869157816091843172e-02
2.165180623501047341e-01 3.624713133620381389e-01 -3.876299193766980910e-03
2.167631564184513970e-01 3.637793717277957306e-01 2.206343438852983400e-03
2.170082504867980600e-01 3.613403953358205745e-01 -2.031769322208254111e-03
2.172533445551447229e-01 3.612072775852508966e-01 9.093842073754909174e-05
2.174984386234913858e-01 3.591090416496827697e-01 -3.232614016143048243e-03
2.177435326918380487e-01 3.689569509912002387e-01 2.666637222572725702e-02
2.179886267601847116e-01 3.571075471123734135e-01 -3.813816437150010022e-03
2.182337208285313745e-01 3.560673151897222888e-01 -4.220626272813808762e-03
2.184788148968780375e-01 3.576738186444997636e-01 2.788596804415474726e-03
2.187239089652247281e-01 3.570043038786164802e-01 3.433501226012549649e-03
2.189690030335713911e-01 3.524092004169925296e-01 -6.982311094853278603e-03
2.192140971019180540e-01 3.500803091591360161e-01 -1.105138374438480349e-02
2.194591911702647169e-01 3.554141975954633881e-01 6.558009875946444779e-03
2.197042852386113798e-01 3.535313120475795379e-01 3.763996918373411094e-03
2.199493793069580427e-01 3.487746509879465773e-01 -7.226820493418475468e-03
2.201944733753047057e-01 3.587711666129989041e-01 2.382505433590995092e-02
2.204395674436513686e-01 3.521872787078793587e-01 7.596587627982416199e-03
2.206846615119980315e-01 3.482757725581604458e-01 -1.052192081409993952e-03
2.209297555803446944e-01 3.477723194690682251e-01 5.242360747521540381e-05
2.211748496486913573e-01 3.490983864416028482e-01 6.434531861622717896e-03
2.214199437170380202e-01 3.450908430234912450e-01 -2.569208298082048536e-03
2.216650377853846832e-01 3.483194971426575304e-01 9.346973262180752542e-03
2.219101318537313461e-01 3.441615285191308993e-01 -1.379019346355637196e-04
2.221552259220780090e-01 3.412637164504194742e-01 -6.003843861400514313e-03
2.224003199904246719e-01 3.402500013658610878e-01 -6.400754447169559012e-03
2.226454140587713348e-01 3.448108158439803228e-01 9.518430045392229505e-03
2.228905081271179978e-01 3.416987705649858209e-01 2.995005993971359883e-03
2.231356021954646884e-01 3.397920086159479380e-01 -1.789520086116148836e-05
2.233806962638113514e-01 3.378167188969476986e-01 -3.251358066219065153e-03
2.236257903321580143e-01 3.392767324744143109e-01 3.658046545749393461e-03
2.238708844005046772e-01 3.375332927172088326e-01 1.099462365863976753e-03
2.241159784688513401e-01 3.359164715229968068e-01 -1.098719900719435840e-03
2.243610725371980030e-01 3.378890475906081714e-01 7.390345392302214572e-03
2.246061666055446659e-01 3.329263370318595872e-01 -4.810084960989145092e-03
2.248512606738913289e-01 3.356210949607694172e-01 5.872545468656779032e-03
2.250963547422379918e-01 3.313675368736873073e-01 -4.270660252027106557e-03
2.253414488105846547e-01 3.319078420184870537e-01 -2.705648876053481824e-05
2.255865428789313176e-01 3.334425674569946874e-01 7.239901766435016123e-03
2.258316369472779805e-01 3.307639034950125012e-01 1.781230457369838800e-03
2.260767310156246435e-01 3.294145085386278038e-01 3.273994822967370264e-04
2.263218250839713064e-01 3.251357315439861173e-01 -1.005615009673355847e-02
2.265669191523179693e-01 3.308917695624233879e-01 1.013637583346622441e-02
2.268120132206646322e-01 3.250613598403279680e-01 -5.031473252839067239e-03
2.270571072890112951e-01 3.201251185553255496e-01 -1.753867018362053817e-02
2.273022013573579858e-01 3.256975965425580322e-01 2.221591879032872724e-03
2.275472954257046487e-01 3.308315861347867481e-01 2.073129340724622419e-02
2.277923894940513116e-01 3.293629585270166915e-01 1.891100756349640977e-02
2.280374835623979746e-01 3.256570125131461602e-01 1.013809048305203304e-02
2.282825776307446375e-01 3.185324966802768332e-01 -9.317129566925146100e-03
2.285276716990913004e-01 3.220021435925936593e-01 4.157990644952519639e-03
2.287727657674379633e-01 3.211855357668184641e-01 4.299918731262009942e-03
2.290178598357846262e-01 3.180949623867647680e-01 -2.689961955930073208e-03
2.292629539041312892e-01 3.160741796032865425e-01 -6.357499524188950889e-03
2.295080479724779521e-01 3.193911625927172149e-01 6.777655793460305757e-03
2.297531420408246150e-01 3.122000899875350677e-01 -1.323207183849034289e-02
2.299982361091712779e-01 3.142793387127266191e-01 -3.973349847085305697e-03
2.302433301775179408e-01 3.169797648564668391e-01 7.306400778747064451e-03
2.304884242458646038e-01 3.154420360458595751e-01 5.139525767069508429e-03
2.307335183142112667e-01 3.189621705368203552e-01 1.911805759995419823e-02
2.309786123825579296e-01 3.136047292332799219e-01 4.727443071077198390e-03
2.312237064509045925e-01 3.077554058064969622e-01 -1.132510929290680458e-02
2.314688005192512554e-01 3.078088171545778073e-01 -8.454069686500120459e-03
2.317138945875979461e-01 3.089472057993328247e-01 -2.065967522491956102e-03
2.319589886559446090e-01 3.048612010281685492e-01 -1.256772626422607633e-02
2.322040827242912719e-01 3.076114209300765401e-01 -9.274244242609498744e-04
2.324491767926379349e-01 3.086202108135637778e-01 5.102120658723573871e-03
2.326942708609845978e-01 3.078118756904953957e-01 5.227281626888886576e-03
2.329393649293312607e-01 3.073654370756476739e-01 6.534866652848267052e-03
2.331844589976779236e-01 3.050537618039205756e-01 1.721298840474159248e-03
2.334295530660245865e-01 3.017746924827379162e-01 -6.307750884023637268e-03
2.336746471343712495e-01 3.052939238201526351e-01 8.062935074098135854e-03
2.339197412027179124e-01 3.032945932318225624e-01 4.237403798234493091e-03
2.341648352710645753e-01 2.951767498132131240e-01 -1.992806795020344440e-02
2.344099293394112382e-01 3.027053085207657701e-01 7.863616403941424068e-03
2.346550234077579011e-01 2.981510055634644663e-01 -4.535490855592674495e-03
2.349001174761045641e-01 2.981407253697812565e-01 -1.793420190248580775e-03
2.351452115444512270e-01 2.944889482632496169e-01 -1.126570107498742028e-02
2.353903056127978899e-01 3.007469739426604227e-01 1.257032360513215402e-02
2.356353996811445528e-01 2.955620939635301703e-01 -2.098096400140166476e-03
2.358804937494912157e-01 2.953973590429693763e-01 1.445504500117110176e-04
2.361255878178379064e-01 2.924709526871521748e-01 -6.980410068367430901e-03
2.363706818861845693e-01 2.980790844405978302e-01 1.490959391827174213e-02
2.366157759545312322e-01 2.957897533422021996e-01 9.954076121369665256e-03
2.368608700228778952e-01 2.936547217798085030e-01 5.495214474391615402e-03
2.371059640912245581e-01 2.954416853877741000e-01 1.447461586827675228e-02
2.373510581595712210e-01 2.929888083459141201e-01 8.901375186328611827e-03
2.375961522279178839e-01 2.951722959317006900e-01 1.930329037472936979e-02
2.378412462962645468e-01 2.912530312774133656e-01 8.626373420240043832e-03
2.380863403646112098e-01 2.890018372584309270e-01 3.677961423334000224e-03
2.383314344329578727e-01 2.904843912913558923e-01 1.170149732314365761e-02
2.385765285013045356e-01 2.857145025563328500e-01 -2.071156992904764262e-03
2.388216225696511985e-01 2.847072163622837992e-01 -2.746985837470485286e-03
2.390667166379978614e-01 2.865807921973229089e-01 6.689296007461297162e-03
2.393118107063445243e-01 2.802274908483112226e-01 -1.280601731158002680e-02
2.395569047746911873e-01 2.890133992447235234e-01 2.106885987473867614e-02
2.398019988430378502e-01 2.812917757752052550e-01 -3.353178771441443339e-03
2.400470929113845131e-01 2.829561749148893357e-01 5.431606192310309451e-03
2.402921869797312038e-01 2.779176358345100128e-01 -9.623146422370682657e-03
2.405372810480778667e-01 2.767635832455427880e-01 -1.088622132713656931e-02
2.407823751164245296e-01 2.782592472388792926e-01 -2.663388140847546773e-03
2.410274691847711925e-01 2.747312020262284160e-01 -1.245496041242922548e-02
2.412725632531178555e-01 2.745457868390652756e-01 -1.025708513648272181e-02
2.415176573214645184e-01 2.768673282561500137e-01 1.013527437106536691e-03
2.417627513898111813e-01 2.734549933337586669e-01 -8.445380201245546864e-03
2.420078454581578442e-01 2.753448543409429128e-01 1.318473567423504795e-03
2.422529395265045071e-01 2.802964358612996532e-01 2.230210248219663058e-02
2.424980335948511700e-01 2.729033766845238573e-01 -1.750869863365822794e-03
2.427431276631978330e-01 2.747100620726430908e-01 7.801247906723086240e-03
2.429882217315444959e-01 2.699585789968831917e-01 -6.724562926529227373e-03
2.432333157998911588e-01 2.684704909571105635e-01 -9.297396924764935941e-03
2.434784098682378217e-01 2.691746215239377849e-01 -3.776016337922279229e-03
2.437235039365844846e-01 2.667542181930181999e-01 -9.824296740935491504e-03
2.439685980049311476e-01 2.687869013071875757e-01 6.659324874589327495e-04
2.442136920732778105e-01 2.669193096300666035e-01 -3.349221611024583677e-03
2.444587861416244734e-01 2.694512379485509701e-01 9.083642884110577562e-03
2.447038802099711641e-01 2.693657978421864496e-01 1.175501468875525188e-02
2.449489742783177992e-01 2.656334841345852626e-01 6.993847973672827128e-04
